00003	5	5	4
00004	3	1	1
00005	3	5	5
00007	4	4	5
00008	4	5	4
00009	5	1	3
00011	3	1	1
00016	1	1	1
00024	3	1	1
00025	5	5	4
00029	4	5	4
00031	5	5	4
00032	4	1	1
00033	4	5	5
00035	1	1	1
00037	5	4	4
00039	4	4	4
00040	4	5	5
00043	5	4	3
00046	1	4	3
00047	5	5	4
00048	5	5	5
00051	1	5	5
00052	5	1	4
00053	5	5	3
00056	3	1	4
00062	1	5	4
00063	5	5	4
00064	5	5	5
00065	4	4	3
00078	4	1	3
00081	1	4	3
00082	4	5	5
00083	4	1	1
00087	1	1	3
00088	1	1	1
00089	5	5	5
00095	5	5	5
00096	5	5	5
00097	4	5	5
00099	3	5	5
00100	4	4	3
00102	3	4	4
00103	4	1	3
00106	3	5	4
00111	5	5	5
00113	4	4	1
00114	3	5	4
00117	4	1	1
00120	3	1	1
00124	3	5	4
00125	5	5	4
00126	1	1	5
00130	4	4	1
00132	5	4	4
00133	1	1	3
00134	3	1	1
00136	1	1	3
00141	5	5	3
00142	4	4	3
00145	5	5	5
00147	3	5	5
00148	4	5	4
00152	3	4	4
00154	4	5	3
00161	5	5	5
00164	5	4	4
00165	5	4	1
00166	5	5	5
00167	3	5	4
00170	3	1	3
00173	4	1	3
00177	5	5	5
00179	3	5	3
00182	5	5	4
00184	5	1	1
00185	5	4	4
00186	1	1	1
00195	3	5	4
00201	4	5	3
00205	3	1	3
00207	1	1	3
00208	3	1	4
00210	4	1	1
00214	1	1	3
00217	5	5	5
00222	1	1	3
00226	5	4	4
00228	3	4	4
00229	5	4	3
00241	5	4	4
00244	5	5	5
00245	5	5	5
00246	5	5	5
00247	5	4	3
00252	5	5	5
00257	4	4	3
00276	5	1	1
00277	4	1	1
00292	3	1	1
00293	4	1	4
00294	1	1	1
00295	4	4	5
00299	1	1	1
00300	5	5	5
00301	1	1	3
00305	1	1	4
00312	3	1	1
00313	5	5	5
00317	3	5	5
00318	3	1	1
00323	5	5	5
00324	1	1	3
00328	5	5	5
00329	3	4	3
00337	4	1	1
00339	1	4	5
00343	1	1	3
00344	5	5	5
00345	1	1	4
00358	5	5	4
00360	5	5	4
00361	3	1	1
00365	4	5	5
00368	1	1	4
00370	3	1	3
00371	3	1	1
00373	3	1	1
00374	5	5	5
00376	5	1	1
00387	5	5	5
00389	5	5	5
00396	5	5	4
00398	5	5	5
00400	4	5	3
00404	4	1	1
00406	5	5	5
00410	1	1	1
00411	3	5	5
00412	3	1	1
00417	1	1	3
00424	5	5	5
00429	5	1	4
00430	5	4	4
00431	5	4	4
00433	5	5	5
00441	5	5	4
00445	4	4	3
00446	5	4	1
00454	1	1	1
00456	1	5	5
00458	5	5	4
00461	1	1	4
00464	5	5	4
00468	1	1	1
00474	3	1	3
00484	5	5	4
00485	4	5	5
00488	3	1	1
00490	1	1	1
00492	5	4	3
00496	1	1	1
00499	5	5	5
00502	1	1	1
00504	3	1	5
00505	3	1	1
00519	5	5	5
00523	1	1	1
00525	1	1	3
00545	1	1	4
00546	5	5	5
00547	5	4	3
00548	5	5	4
00559	5	4	5
00561	5	5	5
00564	5	5	5
00566	4	4	4
00567	4	5	5
00568	5	4	3
00569	1	1	3
00570	3	4	5
00572	5	5	4
00573	1	1	1
00582	1	1	1
00583	3	4	4
00585	5	5	4
00586	1	5	5
00587	1	1	1
00589	3	1	3
00590	3	1	1
00591	5	4	1
00593	5	5	5
00595	3	1	1
00596	1	1	3
00598	1	1	3
00606	4	1	1
00608	5	1	4
00609	3	4	5
00610	5	1	4
00611	1	1	1
00614	4	4	1
00616	5	1	1
00619	5	5	5
00624	1	1	3
00625	1	1	3
00626	5	5	5
00629	4	4	4
00631	4	1	1
00635	4	5	5
00638	5	1	1
00643	4	5	5
00645	4	5	3
00646	3	1	1
00649	3	1	3
00653	4	4	3
00656	4	4	4
00659	5	5	5
00662	4	1	1
00663	5	5	5
00670	5	4	3
00671	3	1	1
00687	4	1	3
00691	5	5	5
00698	4	5	4
00699	3	1	1
00702	3	4	3
00704	3	1	3
00705	3	1	1
00710	5	5	5
00711	5	5	5
00712	3	1	3
00717	3	1	1
00718	5	5	3
00722	4	4	4
00729	5	5	5
00730	3	5	5
00731	1	1	3
00732	1	1	3
00735	5	4	1
00737	5	1	3
00744	1	4	5
00753	1	4	3
00758	5	5	5
00759	3	1	1
00760	4	1	1
00764	4	4	3
00765	3	1	1
00767	1	5	4
00772	4	5	5
00773	3	5	4
00776	5	4	3
00780	3	1	1
00783	5	5	4
00784	1	1	4
00789	4	1	3
00790	5	5	5
00797	5	5	5
00799	3	5	5
00800	3	4	4
00804	4	4	4
00805	5	4	3
00806	4	4	4
00808	5	5	5
00811	1	4	4
00820	3	1	1
00821	1	4	3
00824	5	5	5
00825	3	5	5
00827	3	4	4
00830	3	1	1
00836	1	1	5
00837	1	1	1
00840	3	4	3
00845	5	5	5
00846	4	4	4
00848	5	5	4
00849	5	5	3
00850	1	5	5
00856	3	1	5
00859	1	1	1
00860	5	5	3
00861	3	1	1
00870	4	4	4
00871	5	1	1
00873	3	5	3
00874	5	4	4
00881	4	1	4
00887	4	5	5
00891	5	1	3
00892	5	5	3
00894	3	1	1
00896	5	5	3
00901	1	1	1
00910	5	5	5
00915	3	4	3
00918	3	1	1
00920	5	5	5
00923	4	4	4
00924	1	1	4
00926	3	4	4
00927	3	5	4
00931	5	1	1
00932	4	1	1
00938	4	1	5
00941	3	5	4
00942	3	1	1
00945	1	1	1
00946	3	5	4
00951	4	4	4
00962	5	5	4
00965	5	5	4
00968	3	1	1
00979	4	5	5
00980	5	5	5
00981	4	1	5
00985	3	1	3
00988	1	1	3
00991	5	1	4
00992	3	4	3
00993	3	4	3
00994	1	1	1
00997	1	4	4
00998	4	1	1
00999	4	1	1
01002	5	1	1
01004	3	1	5
01016	1	1	1
01018	5	5	5
01025	5	5	3
01032	4	1	3
01037	5	1	3
01039	1	1	1
01041	3	1	3
01045	5	5	4
01053	3	4	3
01066	3	1	3
01068	4	5	4
01071	5	5	4
01075	5	5	3
01077	5	5	5
01078	5	1	1
01082	4	1	3
01083	5	5	5
01084	5	4	5
01085	4	5	4
01086	3	4	3
01087	5	5	5
01089	1	1	1
01092	5	5	5
01094	5	5	4
01099	5	5	4
01104	4	1	3
01108	4	5	4
01111	3	4	4
01114	3	1	3
01120	3	4	3
01121	3	1	3
01132	4	1	1
01133	5	5	4
01137	4	5	4
01148	4	5	3
01152	1	1	1
01153	4	1	4
01155	3	1	4
01157	1	4	4
01161	4	5	5
01167	4	4	5
01170	5	5	5
01171	5	4	4
01176	5	5	5
01180	1	1	3
01183	5	4	4
01185	1	4	5
01190	5	5	4
01192	3	1	3
01195	5	5	5
01196	3	4	4
01201	5	1	4
01208	4	1	1
01212	1	4	5
01213	3	1	3
01221	3	5	5
01226	3	1	1
01227	1	1	1
01228	1	1	1
01229	3	1	4
01232	1	1	3
01236	3	1	3
01237	5	1	1
01241	3	4	3
01244	1	1	3
01247	5	5	5
01248	4	4	5
01250	4	4	4
01251	5	5	5
01254	3	5	3
01257	3	4	1
01258	5	5	5
01260	5	4	1
01263	4	1	3
01268	1	1	3
01284	5	5	5
01289	1	1	3
01290	3	4	3
01292	4	5	4
01293	4	1	3
01294	3	5	5
01296	4	1	3
01301	3	1	3
01309	3	4	5
01310	3	4	4
01313	5	1	3
01314	5	4	4
01316	4	5	3
01329	4	1	1
01333	1	1	3
01341	5	1	1
01342	3	5	5
01343	5	1	1
01344	4	4	3
01346	3	1	1
01349	5	5	5
01356	5	5	4
01358	1	4	3
01362	1	1	3
01370	5	5	5
01375	4	1	1
01376	1	1	3
01382	3	1	3
01385	5	5	5
01386	1	1	1
01393	5	4	4
01396	5	5	5
01398	3	1	1
01400	5	1	3
01406	3	1	5
01409	3	1	1
01410	5	5	5
01411	4	5	4
01412	4	4	5
01413	1	1	3
01414	4	4	5
01416	4	5	4
01417	3	4	5
01421	4	1	1
01423	3	1	1
01427	3	1	4
01435	5	4	3
01439	1	1	1
01444	4	4	5
01445	5	5	5
01447	5	1	3
01448	5	4	3
01449	1	1	3
01450	5	5	4
01458	1	1	1
01460	5	5	5
01464	3	1	3
01468	5	5	5
01470	5	5	4
01473	1	1	1
01474	5	1	3
01488	4	4	5
01489	3	1	1
01490	3	1	3
01494	5	5	5
01496	3	4	3
01500	1	1	3
01501	5	5	4
01506	3	4	3
01509	4	4	4
01510	5	5	5
01514	4	5	3
01516	5	1	1
01519	1	1	3
01523	5	5	5
01525	3	4	4
01528	3	1	1
01532	1	1	1
01533	5	5	5
01542	3	1	1
01550	1	1	4
01551	5	5	5
01556	5	1	3
01561	1	1	4
01563	3	1	3
01564	1	1	3
01572	1	1	4
01573	5	1	3
01577	3	1	3
01580	5	5	4
01581	1	1	3
01582	5	5	4
01583	5	5	3
01584	4	4	5
01585	5	1	1
01589	1	1	1
01590	4	5	5
01593	5	5	5
01594	5	5	5
01596	3	4	4
01598	4	1	4
01600	1	1	3
01601	5	5	4
01602	1	1	1
01603	4	4	3
01606	5	5	5
01607	5	5	5
01609	4	5	4
01610	3	5	5
01613	3	1	3
01616	4	1	1
01623	5	5	5
01626	3	1	1
01632	4	5	4
01633	3	5	5
01635	5	5	4
01637	1	1	1
01638	5	5	4
01642	1	4	1
01644	4	4	3
01645	3	1	3
01646	1	1	3
01647	3	4	3
01649	1	1	1
01654	1	1	3
01656	4	5	5
01658	3	1	1
01661	5	5	4
01663	1	1	1
01668	3	1	1
01669	4	5	5
01672	5	5	4
01673	4	5	4
01675	4	5	4
01684	5	5	4
01686	4	5	5
01687	4	1	4
01689	5	5	5
01690	5	5	5
01695	5	5	5
01696	1	4	3
01697	1	4	4
01699	1	5	5
01700	4	1	3
01703	3	1	3
01705	1	4	1
01706	4	1	1
01707	5	5	3
01711	5	5	5
01713	1	4	4
01716	4	5	3
01719	3	4	4
01720	1	1	3
01722	5	5	5
01724	3	5	5
01725	4	1	1
01726	5	5	5
01728	1	1	3
01732	3	5	5
01736	4	1	3
01738	1	1	1
01741	5	5	5
01745	4	4	5
01752	4	5	4
01755	5	1	1
01757	5	4	3
01759	1	5	5
01760	5	5	5
01764	5	1	3
01765	5	5	5
01768	1	1	3
01769	5	5	5
01772	4	4	3
01773	5	5	4
01780	5	5	4
01785	1	1	3
01790	4	4	5
01791	5	5	4
01793	1	1	1
01794	5	5	5
01796	5	5	4
01799	3	5	4
01802	4	1	1
01804	1	1	3
01805	1	1	3
01807	3	1	1
01817	4	5	5
01825	5	1	1
01833	5	5	4
01834	1	1	1
01836	5	1	1
01842	4	1	3
01845	4	5	5
01846	3	1	1
01848	5	5	5
01850	5	4	3
01851	1	4	3
01854	3	4	1
01863	5	5	5
01864	1	4	1
01867	3	4	4
01868	5	5	5
01869	4	5	5
01871	5	5	4
01874	5	5	5
01877	3	1	3
01881	4	1	1
01882	5	5	5
01883	4	4	3
01890	5	5	5
01893	5	5	5
01897	4	4	4
01903	3	1	3
01907	1	1	4
01909	5	5	5
01914	1	1	1
01916	4	5	4
01918	4	4	3
01919	4	5	3
01920	5	1	1
01924	4	4	3
01925	1	1	1
01931	4	4	3
01937	5	4	4
01951	3	1	5
01965	5	5	5
01970	5	5	4
01973	3	1	1
01977	4	4	4
01980	5	5	5
01981	4	1	3
01983	3	5	5
01991	4	5	5
01996	1	5	4
01997	1	4	3
02001	3	4	3
02003	4	1	4
02016	4	4	4
02021	4	4	5
02022	1	1	3
02027	3	1	1
02033	4	5	5
02034	3	4	3
02044	4	5	4
02046	3	1	3
02048	3	1	3
02053	5	5	3
02056	3	1	1
02058	5	5	5
02061	3	4	4
02064	3	5	5
02066	5	5	5
02067	5	1	1
02069	5	4	1
02072	5	5	4
02078	5	4	5
02081	3	5	5
02084	4	4	3
02090	5	5	3
02092	3	5	5
02093	1	1	1
02099	3	1	1
02101	3	4	4
02102	3	1	3
02106	3	1	1
02107	5	5	5
02108	5	5	5
02113	5	5	4
02115	4	5	4
02124	5	5	5
02125	4	1	1
02126	1	1	1
02135	3	5	5
02146	1	1	1
02147	4	4	4
02148	1	1	3
02153	3	1	1
02154	1	1	1
02158	5	5	5
02159	5	5	5
02163	1	1	4
02164	5	5	5
02166	5	5	4
02171	3	1	4
02173	5	4	4
02183	3	1	1
02187	1	1	1
02188	3	1	1
02189	1	1	1
02190	5	5	3
02205	3	5	5
02210	3	5	5
02212	3	4	5
02215	5	5	5
02217	1	1	3
02219	3	1	1
02222	3	4	3
02223	5	5	4
02228	1	1	4
02229	4	4	4
02238	4	1	1
02240	4	5	3
02242	4	4	3
02247	1	1	1
02250	4	4	1
02253	4	1	3
02256	5	4	1
02260	4	1	1
02264	3	4	4
02266	5	5	5
02275	5	4	5
02277	1	1	3
02280	5	5	5
02282	3	4	5
02286	4	4	3
02288	4	1	1
02290	3	1	1
02295	5	5	5
02296	3	1	3
02299	5	5	5
02304	3	1	1
02305	5	5	4
02307	4	5	4
02308	4	4	5
02309	4	1	1
02311	3	1	1
02315	5	5	5
02316	5	1	3
02317	5	5	5
02322	1	4	3
02333	3	1	1
02342	1	1	3
02349	3	1	1
02351	5	5	4
02355	3	1	4
02356	3	5	5
02357	5	5	3
02358	5	5	4
02359	5	4	3
02364	5	5	5
02366	5	5	3
02368	5	5	5
02369	1	1	1
02370	3	4	4
02374	5	4	3
02377	4	5	4
02378	1	1	3
02388	5	5	5
02389	5	5	5
02390	1	1	1
02393	4	4	4
02394	3	1	1
02400	5	4	3
02405	5	5	5
02419	5	1	4
02420	4	4	5
02427	1	1	4
02429	5	5	5
02430	4	5	4
02432	5	5	5
02434	4	4	4
02443	5	1	3
02445	3	1	1
02447	1	1	3
02449	5	4	4
02450	1	4	5
02455	4	1	1
02456	1	1	1
02457	4	1	1
02460	5	5	5
02466	5	5	4
02470	5	1	1
02475	3	1	3
02476	1	1	1
02479	3	4	3
02484	5	5	5
02489	3	1	3
02499	5	5	5
02500	3	1	3
02501	5	1	3
02502	3	4	3
02509	4	5	5
02516	5	1	4
02517	1	1	3
02520	5	1	1
02524	5	4	4
02525	1	1	1
02526	3	1	3
02533	5	1	5
02534	5	5	5
02536	5	5	5
02542	3	4	1
02545	3	1	1
02547	3	5	5
02549	4	5	5
02554	5	5	3
02557	4	4	4
02560	3	5	5
02561	4	5	4
02564	5	5	5
02567	3	1	1
02578	5	1	1
02579	1	1	1
02583	5	5	5
02584	3	1	1
02588	1	1	3
02591	5	4	4
02594	4	4	3
02595	3	5	4
02597	5	5	5
02598	3	1	1
02599	3	1	3
02601	5	5	5
02603	3	4	1
02604	4	5	5
02607	1	1	1
02612	3	1	3
02615	1	1	1
02617	4	1	1
02620	4	1	1
02623	5	1	1
02626	5	5	3
02629	1	5	5
02630	3	1	1
02636	4	4	3
02637	4	5	1
02638	4	5	5
02639	5	4	3
02644	3	5	4
02646	1	1	1
02647	4	1	3
02651	3	5	4
02653	5	1	3
02660	3	5	4
02661	4	5	5
02662	1	1	1
02663	3	4	3
02664	5	5	5
02666	1	1	1
02671	5	5	4
02675	3	4	4
02683	4	5	5
02687	1	1	3
02692	5	5	5
02712	4	4	3
02717	5	5	5
02721	3	1	3
02724	3	4	3
02729	3	1	4
02732	1	1	1
02737	3	1	1
02738	3	5	4
02744	3	5	3
02745	3	5	4
02747	1	1	3
02748	5	5	4
02753	4	1	3
02754	1	1	1
02755	5	1	3
02759	5	5	5
02760	5	5	5
02767	3	1	1
02769	4	4	3
02770	3	5	4
02778	4	1	1
02784	3	5	4
02791	4	1	1
02792	1	4	4
02798	5	5	5
02810	1	4	5
02811	4	4	4
02818	3	1	1
02820	1	1	3
02822	4	4	1
02829	1	5	5
02830	3	1	4
02833	5	1	3
02835	3	1	3
02841	5	5	4
02842	3	1	1
02844	5	5	4
02849	5	1	1
02850	3	1	3
02851	5	5	4
02853	1	1	1
02855	4	1	1
02856	5	5	3
02867	3	5	3
02869	1	1	3
02870	4	5	4
02871	1	4	5
02873	4	4	4
02874	3	4	1
02876	1	1	1
02881	5	5	5
02882	5	5	4
02883	3	1	4
02899	1	1	4
02900	3	1	3
02903	3	1	1
02908	5	5	5
02909	5	4	1
02912	1	1	1
02921	5	5	5
02927	5	5	4
02928	5	5	5
02931	5	5	5
02941	3	5	5
02942	1	4	3
02945	5	5	5
02952	5	5	4
02953	4	5	5
02954	1	5	5
02955	4	1	3
02957	5	5	5
02964	5	1	1
02965	3	4	5
02966	4	4	4
02971	3	5	4
02973	3	1	3
02975	5	5	4
02976	1	1	1
02979	5	1	4
02986	3	5	5
02987	4	1	1
02988	1	1	3
02998	5	5	5
02999	4	4	4
03002	3	5	4
03009	4	5	4
03011	4	5	4
03012	5	5	4
03014	5	1	1
03015	3	5	4
03016	1	5	4
03018	4	4	4
03020	3	4	1
03026	4	5	4
03028	3	1	1
03035	5	5	4
03036	5	4	3
03040	1	1	3
03041	5	5	5
03044	5	5	5
03046	1	1	1
03049	5	5	5
03051	5	5	5
03053	4	5	5
03062	4	5	4
03064	4	5	5
03065	1	5	5
03073	4	5	4
03074	5	5	4
03082	3	1	1
03084	3	1	4
03089	3	1	1
03090	4	5	5
03091	4	4	4
03092	3	1	4
03095	1	1	4
03110	1	4	5
03114	3	4	4
03118	1	1	1
03120	1	1	3
03124	4	5	4
03127	5	5	4
03130	1	4	3
03131	1	1	1
03133	1	1	3
03138	5	4	5
03139	5	5	5
03141	5	5	3
03142	1	4	4
03145	4	1	1
03146	5	5	5
03148	3	1	3
03154	4	4	3
03156	4	1	3
03157	4	5	5
03159	1	1	1
03163	4	5	5
03165	4	4	3
03176	5	5	5
03180	3	4	3
03181	4	4	4
03182	1	1	4
03184	5	5	5
03189	3	1	4
03191	4	4	4
03192	3	1	3
03193	5	1	3
03195	5	5	5
03197	1	1	3
03198	4	5	5
03203	5	4	4
03205	3	5	4
03206	5	5	5
03210	4	1	1
03211	4	5	4
03216	1	4	1
03225	4	1	3
03229	5	5	4
03230	1	1	4
03238	3	5	5
03239	5	4	3
03246	1	1	1
03249	5	5	4
03250	5	1	1
03256	3	1	4
03258	3	1	1
03259	3	4	4
03270	4	1	3
03273	3	1	1
03282	1	1	1
03283	5	5	5
03285	5	4	5
03289	5	5	5
03290	4	5	4
03291	5	5	5
03298	1	1	1
03299	1	1	3
03303	5	5	5
03306	4	4	1
03311	5	1	1
03313	3	1	5
03314	5	5	5
03315	1	1	1
03316	1	1	3
03318	4	1	1
03319	1	1	1
03324	1	4	3
03325	3	5	4
03328	3	5	4
03331	5	5	3
03332	5	5	5
03334	5	5	3
03335	4	4	3
03337	3	1	1
03338	1	1	1
03339	4	4	4
03345	3	1	1
03350	5	5	5
03356	5	5	5
03358	1	1	1
03362	5	5	5
03365	4	4	1
03367	4	1	3
03370	1	4	3
03377	4	1	3
03380	5	5	5
03384	5	5	5
03385	1	1	1
03394	5	1	3
03395	4	1	1
03400	5	5	5
03402	4	5	5
03406	5	5	4
03407	5	4	3
03409	3	4	4
03412	4	5	5
03413	3	5	5
03415	4	1	5
03416	4	5	5
03419	4	5	4
03421	4	5	5
03423	3	1	1
03424	3	1	3
03428	4	5	5
03430	3	1	1
03432	5	4	3
03442	1	5	5
03443	5	5	5
03445	1	1	3
03451	1	1	1
03452	3	4	4
03453	3	1	4
03455	3	5	4
03458	3	4	3
03459	5	4	4
03461	5	1	3
03462	5	4	1
03469	3	4	3
03471	5	4	3
03475	5	5	5
03476	5	5	5
03478	1	1	1
03479	4	1	3
03480	3	5	4
03481	3	5	5
03486	5	5	5
03487	5	1	1
03491	3	5	4
03495	3	4	3
03496	5	5	5
03497	5	1	1
03498	3	1	4
03500	3	1	4
03501	4	5	4
03509	4	1	1
03515	1	4	1
03517	3	4	3
03523	4	5	5
03528	3	5	4
03533	1	1	1
03535	1	1	3
03536	5	5	5
03537	1	1	5
03538	5	1	1
03540	1	4	3
03548	1	1	1
03550	4	4	3
03551	4	5	5
03555	5	5	4
03558	1	1	1
03559	5	5	5
03560	5	5	3
03563	1	4	3
03566	3	1	4
03575	5	1	1
03580	1	1	1
03582	3	1	1
03589	3	5	5
03592	4	4	4
03595	5	5	3
03596	4	5	5
03600	4	1	1
03613	1	1	3
03614	3	5	5
03615	4	1	1
03619	5	5	5
03621	3	4	3
03630	1	1	3
03632	1	1	1
03635	4	1	3
03638	5	5	5
03639	4	1	3
03641	3	1	3
03642	3	1	3
03646	4	1	1
03649	3	1	3
03652	1	1	4
03653	3	5	5
03656	5	5	3
03657	5	5	3
03660	4	1	1
03661	4	5	5
03665	1	1	1
03668	5	5	5
03669	1	1	1
03670	4	4	3
03675	1	1	4
03676	1	4	3
03678	4	1	4
03681	4	1	3
03685	5	4	4
03686	5	1	3
03689	5	5	5
03691	1	1	1
03694	5	5	5
03701	5	5	5
03708	5	1	1
03712	4	4	3
03713	5	5	5
03715	5	4	5
03717	4	5	5
03720	4	5	4
03725	5	4	1
03727	4	4	1
03733	5	5	5
03734	4	1	1
03736	3	4	4
03737	1	1	4
03742	4	5	4
03750	3	1	3
03752	1	1	1
03757	3	1	1
03758	1	1	3
03759	1	4	4
03765	5	1	3
03774	4	1	4
03780	3	1	4
03782	3	5	4
03783	5	5	5
03784	1	4	4
03788	5	5	4
03789	5	1	4
03790	3	1	4
03791	4	5	5
03795	5	5	4
03799	4	1	1
03800	5	1	1
03801	5	4	1
03806	5	5	4
03812	3	5	5
03828	3	1	1
03833	5	1	1
03835	3	5	5
03840	3	4	4
03841	1	1	4
03844	3	1	1
03846	1	1	3
03849	5	1	1
03852	5	1	1
03855	3	1	4
03856	1	4	3
03858	5	5	4
03859	4	1	1
03863	3	1	4
03867	4	1	3
03869	4	5	4
03870	4	5	5
03873	5	4	4
03878	5	4	4
03882	5	5	5
03883	5	5	5
03887	5	5	5
03888	4	5	4
03897	1	4	1
03898	4	4	3
03899	4	5	5
03901	5	5	5
03903	5	5	3
03907	4	1	1
03908	3	1	3
03915	3	1	1
03916	4	1	1
03918	5	5	4
03927	3	1	4
03929	4	1	4
03936	5	5	5
03948	3	5	5
03951	4	1	4
03954	3	1	1
03956	3	4	3
03960	4	5	4
03962	3	4	4
03970	1	1	3
03971	3	5	4
03974	1	1	1
03977	3	1	4
03981	5	5	5
03982	4	5	5
03984	5	1	4
03985	5	5	5
03991	3	1	1
03993	3	4	4
03996	3	1	1
03999	4	1	1
04002	4	4	4
04005	4	1	1
04010	5	5	5
04014	1	4	4
04015	1	1	3
04017	3	4	4
04018	3	1	3
04019	4	1	1
04026	5	4	3
04032	5	4	4
04033	3	4	4
04035	5	5	5
04036	1	1	3
04041	4	5	4
04050	4	1	1
04052	4	5	4
04054	5	1	1
04055	1	5	4
04056	1	1	4
04057	4	5	3
04062	5	1	1
04066	5	5	5
04067	3	4	4
04072	5	5	5
04073	4	1	1
04078	3	5	4
04079	5	5	5
04083	3	1	1
04085	1	4	3
04088	3	5	5
04089	5	5	4
04090	4	4	3
04091	3	1	5
04092	3	4	4
04093	1	1	3
04097	1	1	3
04099	5	1	1
04106	5	5	5
04111	5	5	5
04115	1	4	4
04118	4	1	3
04119	4	5	5
04122	1	1	1
04123	5	4	3
04128	5	1	3
04131	3	1	5
04136	1	1	1
04143	5	1	1
04145	5	5	5
04147	4	4	3
04153	4	5	4
04155	4	4	4
04158	4	4	1
04159	4	5	5
04161	4	1	1
04165	5	5	5
04171	5	5	5
04173	3	1	1
04174	1	1	1
04177	3	4	5
04178	4	4	3
04180	5	4	3
04181	1	4	4
04182	5	5	4
04183	5	5	4
04184	5	5	5
04189	5	5	3
04194	3	1	3
04195	5	5	5
04201	3	1	1
04203	3	5	4
04204	1	1	3
04206	5	4	4
04209	3	4	5
04211	3	4	3
04215	3	1	4
04219	4	5	5
04225	4	5	5
04227	4	5	3
04229	4	1	1
04230	1	1	4
04232	4	1	1
04234	4	5	3
04235	1	1	1
04237	3	5	5
04239	1	1	1
04240	4	4	5
04247	4	5	4
04256	4	5	4
04259	3	1	4
04263	4	1	1
04264	5	5	5
04265	4	1	1
04266	1	1	4
04268	5	1	3
04272	5	5	5
04273	5	4	4
04274	5	5	5
04277	5	5	5
04278	5	4	3
04280	3	5	4
04284	1	5	4
04286	1	1	1
04289	1	1	1
04290	4	1	3
04294	4	4	4
04297	3	5	4
04298	3	1	1
04302	5	5	5
04303	5	1	3
04309	3	1	3
04320	5	5	3
04321	1	4	4
04323	5	5	4
04324	4	4	3
04326	4	1	1
04328	5	5	5
04331	3	4	4
04332	3	4	4
04334	1	1	1
04335	1	1	1
04336	5	5	3
04337	5	1	1
04340	5	1	1
04346	3	1	1
04350	1	4	5
04358	5	4	4
04361	4	4	4
04370	1	1	1
04375	3	5	5
04381	3	1	1
04383	4	5	5
04392	3	1	1
04394	5	4	4
04396	1	1	1
04401	5	5	5
04402	5	5	5
04406	4	5	4
04409	3	1	3
04410	5	5	5
04412	1	1	1
04413	5	5	4
04416	5	5	5
04420	5	5	3
04421	3	1	1
04424	5	1	1
04429	1	1	1
04431	4	5	4
04436	4	5	4
04440	5	5	5
04445	3	4	3
04448	4	5	4
04454	4	5	3
04455	5	1	1
04456	3	4	4
04459	5	5	5
04460	4	4	3
04461	5	5	4
04474	3	4	5
04476	5	5	5
04478	5	5	5
04484	3	4	3
04488	1	4	4
04489	1	1	1
04491	3	4	3
04493	5	5	5
04495	1	1	3
04503	4	5	4
04504	1	1	1
04505	4	5	4
04507	3	5	5
04508	1	1	1
04509	3	5	3
04510	3	1	1
04518	4	5	5
04520	5	5	5
04523	1	1	3
04527	4	4	4
04530	5	4	4
04532	5	5	5
04536	4	5	4
04540	3	1	1
04544	3	1	3
04547	3	1	3
04553	3	1	1
04556	4	4	5
04557	3	5	4
04560	4	1	3
04561	1	1	4
04562	3	5	4
04564	1	1	3
04566	5	4	4
04573	1	5	5
04578	1	1	1
04583	5	4	3
04584	1	1	3
04589	3	1	3
04594	1	1	4
04598	1	5	5
04601	5	5	4
04602	3	1	1
04612	5	4	4
04615	4	5	3
04626	4	4	4
04628	1	5	4
04635	3	4	5
04637	4	4	3
04641	4	5	5
04642	5	4	4
04646	3	1	1
04649	5	5	5
04650	4	1	1
04651	1	1	1
04659	3	1	3
04665	4	1	3
04667	1	1	4
04670	5	5	4
04671	5	5	4
04672	3	1	1
04674	5	1	4
04678	4	4	5
04680	3	1	1
04681	5	1	3
04683	5	5	5
04686	3	4	4
04687	1	1	3
04695	3	1	1
04699	5	5	4
04700	1	1	4
04707	3	5	4
04709	5	4	3
04711	4	4	4
04718	4	1	4
04720	3	1	1
04725	5	5	4
04729	1	1	4
04739	3	5	3
04741	4	5	5
04748	5	4	4
04751	1	1	3
04752	1	1	3
04755	5	5	5
04756	4	5	4
04760	4	4	3
04763	3	4	4
04764	3	1	3
04766	1	1	5
04772	1	1	1
04776	5	4	5
04777	5	5	4
04780	4	5	5
04784	1	1	3
04785	1	1	1
04788	4	4	3
04790	3	4	4
04798	5	4	3
04805	5	5	5
04819	3	5	3
04820	1	1	1
04825	5	5	4
04826	4	5	4
04827	5	1	3
04828	5	5	5
04830	3	5	4
04833	4	1	3
04836	5	1	1
04845	3	4	1
04846	3	1	1
04849	4	5	3
04855	3	4	3
04856	4	4	1
04857	4	4	3
04864	5	5	5
04873	1	1	3
04876	4	5	4
04879	5	4	4
04881	3	1	5
04885	3	1	4
04889	5	5	5
04893	1	4	5
04894	4	5	5
04896	1	4	3
04897	4	5	5
04898	3	1	1
04902	3	5	1
04903	5	5	5
04904	5	4	4
04906	5	5	5
04913	5	1	1
04915	4	4	4
04918	5	5	5
04919	3	4	3
04921	3	5	4
04926	4	1	3
04932	1	1	1
04935	5	4	4
04949	4	1	1
04950	3	1	1
04951	5	5	4
04953	3	1	4
04962	5	4	3
04971	5	5	4
04974	5	5	4
04979	1	1	1
04981	3	1	4
04982	3	4	4
04983	5	5	5
04985	5	5	5
04988	5	5	5
04989	4	1	3
04990	1	4	3
04991	4	1	1
04993	5	5	5
04995	5	5	5
05000	5	1	4
05003	5	5	4
05004	3	5	4
05005	4	5	4
05007	5	1	3
05008	1	1	1
05010	1	4	1
05011	5	1	1
05020	4	4	4
05025	1	1	3
05026	5	5	3
05029	1	5	3
05030	1	1	1
05031	5	1	3
05032	5	1	1
05034	5	5	5
05036	1	1	1
05038	3	1	3
05041	5	5	4
05050	5	5	5
05055	4	5	5
05057	5	5	4
05060	5	5	4
05063	4	1	1
05064	1	1	1
05065	5	5	4
05067	4	4	3
05068	4	5	5
05070	4	4	3
05072	4	4	4
05079	5	5	5
05082	1	1	3
05085	5	1	3
05092	3	4	5
05095	1	1	3
05096	4	1	3
05097	4	1	1
05099	4	5	4
05104	3	4	5
05106	1	1	4
05108	3	5	4
05110	5	1	1
05112	5	5	5
05114	4	1	4
05116	4	5	4
05117	5	4	4
05119	1	5	5
05120	3	5	4
05122	4	4	3
05123	1	1	1
05124	5	1	3
05125	5	4	4
05128	1	1	3
05130	1	4	1
05131	5	5	5
05133	1	1	4
05135	3	4	4
05137	4	1	5
05145	4	5	5
05146	5	5	4
05147	4	1	1
05152	5	5	4
05158	1	5	4
05159	3	4	4
05160	5	4	3
05166	5	4	3
05168	5	5	4
05169	5	5	3
05172	1	4	3
05175	5	5	5
05177	3	4	4
05180	5	5	5
05181	4	1	1
05182	1	1	4
05183	5	1	1
05184	5	4	3
05188	3	1	1
05192	1	1	3
05195	4	1	3
05197	1	4	3
05201	3	1	3
05203	3	1	1
05213	5	5	5
05223	5	5	5
05226	4	5	5
05230	3	4	3
05232	5	5	5
05237	5	5	3
05239	5	1	3
05240	3	1	3
05244	3	4	3
05246	5	5	5
05249	1	4	3
05252	5	1	1
05255	4	1	3
05257	1	4	1
05259	1	1	4
05261	1	1	1
05263	4	1	3
05265	4	5	3
05267	5	5	5
05270	3	1	4
05274	5	4	5
05279	4	5	5
05281	4	1	1
05284	4	1	1
05285	3	1	1
05287	5	1	1
05290	1	1	1
05292	5	5	5
05295	3	1	3
05299	4	4	3
05300	5	1	1
05302	3	4	1
05303	5	5	5
05307	3	4	5
05311	3	1	1
05320	1	1	4
05331	1	1	1
05332	4	5	4
05333	1	1	1
05336	5	5	5
05339	4	4	4
05345	3	4	5
05348	1	1	3
05349	4	4	1
05352	1	1	3
05357	4	4	3
05359	3	4	4
05360	5	4	4
05361	4	5	5
05368	3	1	3
05377	5	1	1
05379	4	5	5
05385	4	1	1
05386	5	5	5
05387	4	4	3
05392	1	1	1
05395	1	1	1
05396	3	4	3
05397	1	4	5
05398	4	5	4
05401	5	4	5
05403	5	5	5
05404	4	5	5
05405	3	4	5
05416	4	5	4
05417	4	1	3
05420	3	5	5
05424	3	1	1
05426	5	4	5
05427	1	5	5
05435	5	4	4
05436	5	5	5
05437	5	5	5
05440	5	5	4
05444	5	5	5
05445	5	1	1
05447	4	4	3
05450	5	1	1
05460	5	5	4
05466	4	5	4
05469	4	4	3
05474	1	1	3
05477	5	5	5
05478	4	5	4
05488	5	5	5
05496	1	1	1
05497	4	5	3
05499	1	4	4
05500	1	1	3
05506	5	5	4
05509	5	5	5
05511	1	1	1
05515	4	1	1
05519	5	4	3
05524	5	5	3
05525	3	1	3
05527	5	5	5
05540	1	1	1
05541	1	1	1
05543	4	1	1
05544	3	1	3
05549	4	4	4
05551	5	5	5
05553	1	4	4
05554	3	4	4
05555	3	1	1
05563	1	1	1
05565	1	4	4
05569	1	1	3
05570	1	1	3
05573	3	1	1
05574	5	5	4
05575	5	5	5
05580	1	4	4
05588	1	1	1
05594	5	1	1
05600	5	5	5
05601	4	4	3
05606	5	4	3
05608	5	5	5
05610	5	5	5
05614	1	1	1
05618	5	5	5
05628	3	1	3
05631	1	5	5
05634	3	5	4
05642	3	1	1
05645	5	1	1
05648	5	1	1
05649	4	5	5
05651	4	1	3
05657	4	5	5
05658	4	5	5
05661	4	1	1
05665	3	5	5
05668	3	4	3
05669	4	1	4
05670	3	4	4
05671	4	5	3
05672	1	4	5
05677	3	4	5
05682	3	1	4
05687	5	5	4
05689	1	1	3
05690	4	4	1
05695	5	4	3
05698	5	4	4
05701	5	5	5
05702	1	1	1
05710	3	5	4
05711	5	5	5
05712	1	5	4
05713	1	1	3
05720	3	5	3
05721	5	1	1
05722	1	4	4
05725	5	4	3
05731	5	5	5
05733	4	5	4
05735	5	4	3
05736	4	5	4
05738	4	1	1
05740	5	5	5
05743	3	1	4
05745	1	1	1
05747	3	4	4
05748	4	1	4
05749	5	5	5
05755	5	5	4
05756	4	5	5
05760	1	4	3
05762	3	4	3
05764	1	1	1
05772	3	4	4
05775	5	4	4
05782	1	1	3
05784	5	5	5
05787	1	1	3
05791	1	1	3
05793	1	1	4
05794	4	5	4
05804	5	5	5
05808	5	5	4
05811	5	4	4
05824	1	1	1
05827	5	4	4
05835	4	5	5
05844	1	1	3
05845	5	5	5
05847	5	5	5
05859	3	1	1
05860	5	4	4
05862	5	5	5
05863	1	5	5
05867	5	5	5
05868	5	5	5
05870	5	1	3
05872	1	1	3
05875	1	1	1
05876	4	5	5
05878	5	5	5
05881	3	1	5
05883	5	5	5
05893	3	5	5
05899	4	1	3
05902	3	4	3
05906	5	5	5
05908	5	4	3
05910	4	5	4
05912	3	4	4
05917	5	4	5
05919	1	1	1
05928	1	1	4
05929	1	4	3
05930	3	4	1
05934	4	4	1
05937	4	5	4
05939	3	5	5
05944	5	1	1
05947	1	1	1
05948	1	1	3
05956	5	5	5
05958	5	5	4
05960	1	4	3
05963	5	1	1
05965	1	5	4
05969	4	1	3
05971	1	4	3
05975	5	4	4
05978	4	4	4
05980	3	1	1
05981	5	5	5
05984	1	1	1
05987	1	4	3
05988	5	5	5
05995	3	1	1
05997	3	4	4
05999	4	5	5
06003	5	5	4
06006	1	5	4
06011	3	5	4
06019	4	5	4
06020	1	1	1
06025	3	4	4
06026	5	5	5
06035	4	1	1
06037	4	1	1
06040	4	1	3
06041	3	4	4
06042	5	5	5
06045	5	5	4
06051	5	5	5
06054	4	4	1
06056	4	5	4
06057	5	5	5
06060	3	4	5
06063	3	1	3
06064	4	1	3
06065	1	1	3
06067	5	5	5
06071	1	1	1
06072	3	1	4
06073	5	4	3
06076	1	1	1
06080	5	5	4
06084	4	5	4
06085	5	1	1
06089	5	5	5
06092	5	5	4
06098	4	1	4
06104	4	4	3
06107	3	1	1
06108	5	1	3
06117	4	5	4
06118	4	1	1
06120	4	5	5
06126	5	5	5
06127	5	5	5
06135	5	5	4
06136	3	5	4
06138	1	4	5
06139	3	4	3
06140	4	4	4
06145	5	5	5
06147	3	4	3
06148	3	1	3
06152	1	4	3
06153	5	5	5
06156	4	1	1
06161	4	4	4
06163	4	5	5
06168	1	1	1
06170	4	5	4
06171	3	1	1
06180	4	4	3
06181	5	4	3
06182	3	1	1
06185	4	5	5
06187	5	5	5
06189	5	5	4
06197	5	5	4
06201	3	4	3
06204	1	4	4
06205	5	1	3
06207	5	5	4
06209	3	5	4
06213	1	1	1
06218	5	5	5
06224	1	1	4
06225	5	5	5
06227	5	4	1
06237	3	1	1
06238	4	1	1
06242	3	5	5
06243	1	5	5
06244	4	5	5
06248	1	1	1
06249	4	5	5
06251	4	1	1
06253	4	5	3
06257	5	1	3
06261	4	5	5
06264	3	4	3
06266	1	4	3
06270	5	4	4
06273	3	5	5
06283	5	4	5
06285	5	5	5
06289	1	4	3
06290	5	4	4
06295	3	1	4
06296	5	4	3
06299	3	1	3
06305	4	1	1
06310	1	4	4
06311	5	5	3
06312	4	1	3
06315	5	5	5
06320	5	5	4
06321	3	1	1
06322	5	5	5
06324	3	5	3
06326	5	1	1
06335	4	5	5
06337	4	1	1
06348	3	4	4
06355	5	5	5
06356	3	1	3
06357	3	1	1
06362	4	1	3
06373	4	5	4
06375	5	5	5
06377	4	4	4
06378	4	5	3
06379	1	1	4
06381	1	4	1
06385	1	1	1
06389	4	4	5
06392	1	1	4
06394	5	5	5
06397	4	5	5
06399	1	1	1
06404	4	5	5
06405	5	5	5
06409	3	1	5
06412	3	1	4
06415	1	1	1
06419	3	4	1
06420	5	1	4
06423	5	5	5
06424	4	1	1
06425	5	1	1
06432	4	5	5
06438	1	1	3
06442	1	1	1
06449	1	1	1
06452	5	1	1
06462	3	5	5
06463	3	1	3
06465	1	1	4
06468	3	5	5
06469	3	1	1
06482	5	5	5
06484	4	1	3
06487	4	4	3
06489	5	5	4
06491	3	1	3
06492	5	1	1
06493	3	1	3
06494	5	5	5
06496	3	5	4
06497	3	4	1
06499	3	4	4
06500	5	5	5
06501	4	1	1
06508	5	1	1
06515	5	5	3
06521	5	5	4
06525	1	1	1
06526	5	5	5
06541	3	5	4
06543	3	5	4
06545	4	1	3
06546	5	4	4
06552	1	1	1
06557	1	1	4
06558	4	5	4
06562	5	5	5
06564	5	1	4
06567	5	4	3
06568	3	1	3
06569	5	5	5
06576	5	5	5
06577	4	5	4
06581	1	1	3
06588	4	1	1
06591	5	5	5
06596	5	5	3
06598	5	4	3
06618	1	4	3
06626	1	1	3
06629	1	1	3
06635	4	1	3
06643	1	1	1
06653	4	5	3
06659	3	5	5
06663	3	5	5
06668	5	4	1
06669	5	5	5
06670	3	1	1
06674	5	5	5
06675	1	1	1
06683	1	1	1
06686	4	5	4
06690	5	5	5
06693	5	1	3
06695	5	5	3
06696	3	1	3
06697	3	1	1
06700	1	1	3
06709	5	5	4
06710	4	4	3
06716	4	4	3
06720	5	5	5
06722	4	4	3
06735	1	1	5
06736	4	5	4
06746	4	1	4
06748	5	1	3
06753	5	4	4
06759	3	1	4
06761	5	5	5
06763	4	1	1
06764	3	5	4
06765	3	1	3
06767	1	1	1
06769	5	5	4
06770	5	1	3
06777	4	4	3
06782	1	1	1
06783	1	1	3
06786	1	1	1
06789	5	4	4
06796	5	5	4
06799	5	5	5
06804	5	5	5
06806	5	5	3
06809	3	1	1
06813	4	5	5
06830	5	5	5
06833	5	5	5
06838	3	1	1
06840	1	1	4
06847	3	1	1
06851	1	1	5
06854	5	4	3
06859	1	1	3
06865	4	4	4
06866	5	5	5
06870	5	1	1
06871	5	5	5
06872	5	4	4
06874	1	1	1
06877	5	5	3
06881	1	1	4
06882	5	5	5
06883	1	1	3
06884	3	1	4
06888	5	5	5
06890	5	1	1
06891	3	4	3
06893	5	5	4
06895	5	5	5
06898	3	4	1
06901	1	1	3
06902	1	1	1
06903	5	4	1
06905	1	1	1
06907	1	1	1
06910	4	5	4
06914	1	1	3
06916	1	1	3
06918	4	5	4
06919	5	5	3
06921	1	1	1
06926	3	1	1
06931	4	1	1
06933	3	1	3
06934	1	4	4
06938	1	1	1
06940	5	1	3
06941	1	4	1
06947	3	1	4
06951	5	5	5
06953	4	1	1
06958	4	1	1
06961	3	1	4
06965	5	5	4
06968	5	5	3
06972	4	1	5
06974	3	1	1
06978	1	1	3
06980	4	4	3
06982	5	4	3
06989	1	1	3
06991	4	5	3
06992	4	1	1
06993	1	1	1
06996	5	5	5
06997	1	1	1
07001	4	1	4
07010	3	4	3
07011	4	5	3
07028	1	1	3
07029	5	5	5
07033	4	1	4
07035	5	5	4
07037	1	1	1
07038	1	1	3
07052	1	5	5
07054	3	1	1
07057	5	4	1
07059	5	1	1
07061	5	4	3
07063	4	4	4
07066	5	5	5
07067	5	5	4
07072	4	1	1
07076	1	1	3
07080	4	4	4
07082	1	1	3
07086	3	5	5
07093	5	1	1
07098	4	1	1
07102	1	1	1
07103	1	1	3
07107	3	5	4
07113	3	5	4
07119	3	1	4
07120	4	5	4
07128	4	5	4
07130	5	5	5
07131	1	1	4
07138	4	4	4
07139	4	5	5
07142	1	1	1
07144	4	5	5
07145	4	5	5
07148	3	4	5
07151	5	5	4
07154	1	1	3
07155	4	1	3
07160	4	1	1
07164	1	1	1
07170	4	4	1
07172	5	4	3
07173	1	1	3
07176	5	5	5
07177	3	5	5
07182	3	1	3
07187	1	1	1
07193	5	5	5
07194	5	1	1
07197	3	1	1
07199	3	1	1
07200	1	1	1
07203	5	5	5
07206	3	1	1
07213	5	5	5
07215	4	1	3
07222	4	5	4
07229	4	5	3
07232	5	5	5
07234	3	1	1
07236	3	4	4
07240	3	1	1
07241	5	4	3
07246	5	5	5
07250	3	1	5
07254	1	1	3
07256	5	5	4
07259	5	4	5
07262	1	1	1
07265	5	5	4
07270	3	4	4
07272	1	1	3
07273	3	1	1
07274	5	5	5
07275	4	1	3
07280	4	1	3
07283	4	4	4
07284	5	4	1
07289	4	4	4
07291	5	1	4
07292	3	1	3
07294	4	1	3
07298	5	1	4
07299	1	1	1
07300	5	5	3
07304	3	1	1
07306	1	1	3
07307	5	1	1
07309	4	1	3
07310	5	1	5
07316	4	4	3
07321	4	5	3
07322	3	4	3
07323	4	5	5
07327	4	1	3
07329	4	5	5
07337	5	4	3
07338	3	5	4
07343	3	1	1
07345	3	1	1
07347	5	5	3
07349	4	1	4
07352	4	1	1
07355	5	1	1
07358	5	1	3
07359	3	4	3
07362	1	1	1
07363	4	1	1
07366	4	1	5
07374	4	4	3
07375	1	4	1
07377	4	5	5
07382	5	4	3
07383	3	1	3
07385	4	1	1
07391	3	4	4
07393	5	5	4
07395	4	4	1
07399	4	5	3
07402	1	1	1
07403	1	1	4
07404	5	1	1
07405	1	4	5
07411	5	1	3
07415	3	4	4
07420	1	1	1
07421	3	4	4
07424	1	1	1
07426	5	5	5
07427	1	4	5
07428	4	1	1
07430	1	1	1
07434	3	1	1
07436	1	1	3
07441	4	4	3
07443	5	5	5
07450	4	4	3
07452	5	5	5
07453	5	1	4
07455	5	1	1
07456	4	1	1
07457	1	1	1
07458	5	4	4
07461	5	5	5
07463	5	1	1
07469	4	5	4
07470	5	5	5
07471	5	5	5
07472	1	1	1
07477	1	1	3
07485	5	5	5
07487	5	5	5
07490	3	4	1
07494	5	5	5
07495	1	4	4
07496	3	1	1
07498	5	1	1
07499	5	1	3
07505	1	1	3
07506	3	4	4
07508	3	1	1
07512	4	1	3
07513	5	5	5
07514	4	5	5
07515	4	4	4
07516	4	5	5
07524	1	5	4
07526	3	5	5
07533	5	4	5
07535	4	5	5
07538	4	4	3
07539	1	1	1
07540	5	4	4
07541	4	5	4
07544	4	4	4
07548	1	1	1
07552	4	1	1
07555	5	5	4
07557	4	1	3
07559	5	1	3
07561	4	4	3
07562	5	5	5
07564	3	5	3
07566	4	4	3
07570	3	4	4
07571	3	5	5
07572	4	1	1
07582	1	4	3
07585	3	1	1
07587	1	4	3
07589	1	4	4
07590	4	5	4
07591	4	5	4
07592	5	5	5
07594	4	1	1
07596	5	5	5
07597	4	4	1
07600	4	5	5
07603	4	5	5
07613	5	4	4
07615	4	5	5
07621	4	4	4
07628	1	1	1
07631	1	1	4
07644	5	1	3
07645	5	4	1
07646	3	1	3
07649	1	4	5
07656	5	1	1
07658	5	5	4
07659	3	1	1
07666	1	1	3
07670	4	4	1
07672	5	5	4
07673	5	4	1
07677	5	4	3
07679	1	1	1
07681	3	4	4
07682	5	5	3
07683	1	1	1
07684	5	1	3
07688	3	1	5
07695	4	1	1
07697	3	4	4
07711	4	5	3
07713	5	5	5
07714	3	1	3
07715	3	1	3
07720	4	1	3
07721	3	1	3
07726	1	1	5
07728	5	5	4
07729	3	1	3
07731	4	4	3
07732	4	1	1
07734	5	5	5
07740	3	5	5
07741	1	4	4
07743	4	1	1
07744	4	1	1
07752	5	1	3
07753	1	1	4
07758	3	5	4
07762	1	1	3
07770	5	1	3
07772	3	1	1
07775	1	1	3
07782	4	1	1
07786	4	5	4
07791	5	5	5
07792	1	1	3
07795	5	1	1
07797	1	1	1
07798	4	5	4
07801	5	5	5
07804	4	1	3
07806	3	1	3
07811	3	5	3
07817	4	5	5
07822	1	5	3
07824	5	1	1
07825	4	5	5
07826	4	1	3
07828	3	1	4
07834	5	5	4
07838	3	4	3
07840	4	5	4
07843	5	5	5
07850	5	5	5
07851	5	5	4
07852	5	5	4
07854	4	5	5
07856	5	5	5
07865	5	4	4
07868	3	4	3
07869	5	4	3
07871	5	4	5
07874	3	4	3
07876	1	1	1
07885	1	1	1
07892	5	5	4
07899	4	4	4
07901	1	4	5
07906	4	1	5
07908	5	1	1
07917	3	4	3
07923	1	1	4
07927	5	4	3
07930	1	1	1
07931	5	5	5
07935	4	5	5
07938	3	4	4
07944	5	4	3
07951	4	1	1
07953	5	1	1
07955	4	5	5
07956	4	5	5
07961	3	1	4
07963	3	1	1
07966	4	1	3
07967	3	1	1
07968	5	4	3
07969	5	5	5
07972	1	1	1
07973	5	5	5
07980	5	5	4
07983	5	5	5
07985	3	1	3
07991	4	5	5
07992	1	1	1
07994	4	1	1
07995	5	5	5
08000	3	1	3
08005	3	5	4
08008	3	5	5
08009	5	5	5
08010	5	5	3
08011	4	4	3
08013	4	5	4
08017	5	5	5
08021	3	4	4
08022	5	4	5
08026	3	1	3
08027	1	1	3
08029	5	4	3
08032	3	4	4
08033	1	1	1
08035	5	5	5
08036	4	1	1
08037	5	4	5
08041	5	4	3
08049	4	5	5
08051	5	5	5
08053	3	1	1
08054	4	5	5
08056	4	1	4
08057	3	5	4
08063	5	4	3
08066	1	1	3
08067	5	5	5
08077	3	5	3
08078	4	1	4
08089	3	4	4
08091	4	5	5
08092	5	4	1
08095	3	5	5
08097	1	1	1
08101	5	1	1
08105	4	1	4
08107	1	4	4
08108	3	4	4
08110	4	1	3
08113	1	1	1
08114	3	1	3
08121	4	4	4
08125	5	5	5
08126	4	4	1
08127	1	4	1
08128	5	5	5
08132	5	5	5
08133	5	5	4
08142	5	5	5
08144	4	5	5
08146	3	1	1
08150	5	4	1
08152	5	1	4
08159	3	1	1
08160	4	5	5
08162	5	5	5
08170	1	1	1
08171	5	1	3
08174	4	5	4
08181	3	5	4
08183	4	5	5
08184	1	1	1
08187	5	5	5
08189	5	1	3
08192	5	5	5
08198	3	4	3
08199	3	4	4
08203	5	4	4
08207	3	5	3
08210	3	1	1
08211	5	4	4
08212	1	1	1
08218	5	5	5
08219	5	4	3
08220	1	1	1
08223	4	4	4
08224	5	5	4
08230	4	5	4
08232	3	1	1
08237	5	1	3
08238	3	1	1
08239	4	5	4
08241	3	1	1
08244	5	5	3
08246	3	1	1
08250	5	5	5
08252	5	1	4
08257	3	1	1
08265	3	4	5
08266	4	4	3
08272	3	4	1
08274	5	4	3
08277	1	5	5
08279	4	1	1
08287	3	4	1
08289	1	4	4
08291	1	4	3
08298	4	1	3
08302	3	1	3
08303	1	1	3
08304	5	5	4
08306	4	5	3
08308	3	1	3
08310	5	1	3
08316	3	1	4
08318	1	1	1
08320	3	5	4
08324	1	4	3
08325	4	1	3
08327	1	1	1
08328	5	5	5
08330	5	4	1
08338	1	1	1
08345	4	1	3
08347	4	1	3
08348	4	5	4
08351	5	4	4
08353	3	1	4
08355	1	5	4
08357	1	1	4
08358	3	5	5
08362	1	1	1
08369	5	4	4
08375	5	4	5
08379	1	1	4
08381	4	5	5
08391	5	4	3
08393	4	5	5
08395	5	4	3
08398	5	5	5
08403	1	4	1
08405	4	5	4
08409	4	5	5
08412	1	1	1
08414	5	4	3
08419	1	1	1
08420	5	5	3
08422	5	5	4
08423	1	1	4
08424	1	1	1
08425	1	1	1
08426	3	1	3
08428	1	1	3
08431	4	5	4
08438	4	1	1
08442	5	5	5
08447	1	1	1
08450	4	1	1
08453	5	1	1
08454	4	4	5
08458	5	5	5
08459	3	5	4
08462	4	5	5
08463	5	1	1
08464	4	5	5
08467	4	5	5
08470	3	1	1
08475	5	4	3
08478	1	1	3
08481	5	5	5
08486	3	4	4
08487	5	5	4
08488	1	1	1
08494	4	1	3
08496	5	5	5
08501	3	1	3
08507	5	5	5
08508	5	4	4
08509	4	5	4
08511	3	5	3
08515	5	4	4
08518	3	1	3
08522	1	1	3
08530	3	1	4
08538	3	1	1
08540	5	5	4
08546	5	5	3
08552	3	1	1
08555	5	5	5
08558	1	1	3
08559	5	4	4
08563	5	4	1
08565	5	5	3
08568	5	1	3
08576	4	4	4
08582	5	5	4
08583	5	5	4
08584	3	1	3
08586	1	1	1
08587	4	5	5
08590	3	1	3
08591	5	5	4
08593	4	1	1
08596	5	4	3
08597	4	5	4
08601	5	5	5
08605	5	4	3
08606	5	5	4
08607	1	1	1
08608	3	4	4
08617	5	5	5
08620	3	1	1
08625	5	5	4
08629	5	5	4
08630	4	1	3
08631	5	5	4
08632	3	5	4
08634	4	5	5
08638	5	5	5
08642	1	4	1
08643	5	5	4
08648	1	1	3
08649	4	5	4
08650	5	5	4
08652	1	1	1
08655	4	5	5
08658	3	5	4
08659	1	1	1
08661	1	1	1
08665	5	5	5
08666	1	1	3
08667	1	1	1
08669	4	4	3
08670	5	5	5
08671	1	5	5
08673	5	5	5
08675	3	1	4
08676	5	4	4
08680	1	1	1
08687	4	5	4
08688	4	5	5
08690	1	1	4
08691	3	1	1
08694	1	1	1
08697	4	5	5
08701	3	5	3
08702	1	1	3
08704	1	4	3
08707	3	4	3
08708	3	1	1
08709	4	5	3
08712	5	5	5
08714	1	1	4
08715	1	5	5
08722	4	5	5
08724	1	1	1
08728	5	5	4
08729	1	4	3
08734	3	1	3
08735	5	4	3
08736	5	5	5
08737	4	1	1
08738	3	1	1
08739	4	5	4
08744	5	5	5
08746	3	4	3
08750	4	4	5
08760	3	1	1
08762	1	1	1
08763	5	4	3
08764	4	5	5
08765	4	5	4
08787	4	4	4
08790	1	1	3
08792	4	1	1
08794	1	1	1
08796	5	5	3
08797	5	5	5
08806	4	1	1
08812	5	1	3
08814	3	5	3
08817	3	1	3
08822	5	5	5
08828	4	5	3
08829	5	1	1
08830	5	5	5
08831	1	1	1
08832	5	5	5
08833	5	5	4
08835	3	1	3
08848	4	1	1
08852	3	5	5
08853	4	1	1
08862	1	1	1
08863	4	5	5
08867	5	4	5
08874	1	1	1
08875	5	5	5
08878	5	5	3
08879	1	1	1
08885	5	4	3
08889	3	4	3
08892	1	1	1
08897	1	1	1
08898	5	5	5
08903	5	5	5
08910	4	5	5
08912	5	5	5
08916	4	1	1
08925	5	5	5
08926	1	5	4
08928	3	5	3
08932	4	1	4
08936	5	1	1
08939	3	1	3
08940	5	5	4
08943	3	5	5
08950	5	5	5
08955	1	1	3
08956	5	5	5
08957	4	5	5
08966	1	1	1
08969	5	5	5
08970	5	5	4
08973	1	4	1
08975	4	5	4
08976	4	4	5
08977	1	4	3
08986	5	5	5
08988	4	4	3
08989	5	5	4
08992	5	5	5
08993	5	5	4
08995	4	4	3
09000	4	5	5
09002	4	4	1
09003	3	1	1
09005	4	5	5
09006	1	1	4
09009	5	5	4
09012	4	1	1
09013	5	1	3
09018	5	5	4
09026	1	1	1
09027	4	4	5
09032	1	1	4
09034	1	1	1
09035	1	1	1
09038	1	1	4
09046	3	4	4
09047	5	4	3
09048	3	1	1
09051	3	4	1
09052	3	1	1
09063	1	1	3
09075	4	5	5
09078	3	5	4
09086	4	5	4
09087	4	1	1
09092	5	5	5
09101	1	1	1
09105	1	1	3
09112	5	5	5
09113	4	5	4
09114	5	4	4
09115	3	4	3
09118	1	1	1
09120	5	5	5
09121	4	1	1
09122	1	1	1
09125	1	1	3
09132	4	4	5
09134	1	1	3
09143	5	5	4
09145	5	1	1
09147	1	1	1
09148	5	5	5
09149	4	4	4
09154	5	5	4
09157	5	5	4
09159	5	1	3
09160	4	4	1
09170	1	1	1
09172	5	5	5
09173	5	1	4
09177	5	5	5
09179	5	5	5
09180	3	1	3
09181	5	5	5
09192	1	4	1
09193	3	4	3
09194	5	5	4
09202	4	1	1
09206	5	5	5
09208	5	5	5
09209	5	5	5
09210	5	1	1
09212	1	1	1
09214	5	5	3
09215	3	4	3
09218	3	1	3
09222	1	5	3
09223	3	1	4
09225	5	4	3
09226	1	1	1
09228	3	5	4
09235	5	5	4
09237	3	5	5
09238	5	1	3
09240	4	1	1
09242	5	5	3
09243	3	4	4
09245	3	1	3
09254	5	4	3
09257	5	5	3
09258	5	5	4
09262	4	1	1
09265	4	5	5
09266	1	1	3
09271	5	5	5
09274	5	1	1
09275	5	4	5
09281	3	5	5
09289	5	5	4
09299	5	5	5
09307	4	4	5
09311	5	5	5
09314	3	5	5
09320	3	1	4
09322	3	1	3
09330	3	4	1
09340	5	5	5
09341	5	1	3
09342	3	5	5
09350	4	1	1
09358	4	1	5
09359	5	4	4
09363	3	1	1
09367	3	1	1
09368	5	5	5
09372	1	1	1
09375	4	1	1
09378	1	4	3
09380	5	1	3
09381	1	1	1
09384	3	1	1
09386	5	5	4
09390	4	1	3
09391	4	5	4
09392	5	5	5
09410	4	5	4
09417	3	4	3
09422	3	1	1
09423	4	5	5
09424	3	1	4
09425	3	4	5
09429	5	1	3
09436	4	1	1
09438	4	1	1
09439	5	5	4
09446	5	5	5
09448	5	5	4
09450	3	1	3
09453	3	4	4
09458	4	5	4
09459	1	1	1
09460	3	1	3
09462	1	1	3
09465	5	5	4
09467	3	1	1
09468	5	5	3
09476	3	5	4
09477	4	5	4
09479	4	5	4
09481	5	5	3
09486	1	1	3
09487	1	1	1
09492	1	5	4
09494	5	1	4
09500	5	5	4
09504	4	1	1
09505	3	4	4
09508	5	1	4
09517	1	1	4
09524	5	1	3
09531	5	5	5
09532	3	1	1
09535	4	5	4
09539	1	1	4
09542	4	1	3
09549	3	1	1
09553	4	5	3
09555	3	4	1
09557	3	4	3
09563	5	1	3
09565	4	5	5
09566	3	5	4
09568	4	5	3
09572	1	1	5
09581	5	5	4
09585	5	1	1
09586	3	4	1
09587	5	5	5
09603	5	5	5
09604	1	1	3
09608	1	1	1
09609	4	5	5
09612	5	5	5
09615	5	1	3
09632	4	5	4
09635	3	1	3
09638	4	4	3
09640	3	1	1
09644	5	5	5
09645	5	1	3
09646	4	1	1
09647	5	1	1
09655	3	1	1
09658	5	5	3
09661	5	5	5
09664	3	1	1
09666	5	5	5
09669	1	1	1
09672	1	4	3
09674	3	4	3
09681	5	5	5
09690	4	1	1
09692	5	5	4
09698	4	5	5
09699	4	5	5
09700	1	1	1
09702	3	4	3
09705	3	1	4
09707	1	4	4
09708	3	4	4
09709	3	1	3
09711	5	4	4
09718	5	1	3
09719	4	5	5
09736	1	1	5
09738	3	4	4
09739	5	5	5
09740	5	5	5
09741	5	1	1
09742	4	4	4
09743	5	1	5
09744	4	5	5
09746	1	1	1
09748	4	5	5
09750	5	5	4
09753	1	4	3
09754	5	5	4
09756	5	5	4
09758	4	5	4
09759	3	4	5
09761	3	4	5
09772	3	1	1
09777	4	1	1
09782	1	1	4
09790	3	4	3
09792	5	5	4
09795	4	5	5
09797	5	5	5
09798	4	5	5
09799	3	1	3
09800	1	4	4
09802	3	1	4
09804	5	1	3
09808	5	5	5
09809	1	1	3
09810	5	5	4
09812	5	5	5
09813	3	5	4
09818	3	5	3
09825	4	1	1
09827	5	5	5
09828	3	5	3
09834	1	1	1
09837	3	5	5
09841	4	5	4
09845	1	1	1
09848	5	5	3
09852	4	1	1
09854	4	1	1
09855	5	1	1
09860	3	1	1
09861	5	4	3
09863	5	5	5
09864	4	1	1
09869	5	5	5
09870	3	5	5
09874	3	1	1
09875	4	4	4
09877	5	4	3
09884	1	4	4
09886	5	5	5
09890	5	4	4
09898	5	4	4
09902	5	4	3
09903	3	1	1
09905	5	5	4
09908	5	5	5
09909	5	5	5
09919	5	5	4
09920	1	1	4
09921	5	5	5
09924	1	1	1
09925	4	1	4
09928	3	5	5
09933	3	4	5
09939	3	5	5
09945	4	1	4
09946	5	5	3
09950	5	5	5
09951	5	5	4
09954	3	4	3
09959	3	4	3
09966	3	1	1
09968	5	5	4
09969	1	1	3
09971	5	1	1
09973	3	4	4
09975	5	5	5
09977	4	4	3
09982	5	4	4
09993	5	5	5
10001	1	1	1
10009	1	1	4
10017	1	1	4
10018	5	4	1
10019	1	1	3
10021	1	4	4
10025	1	1	4
10026	4	5	5
10027	4	1	4
10029	5	5	5
10035	3	4	3
10036	5	5	3
10038	5	5	3
10043	4	4	5
10044	4	4	3
10047	4	4	3
10048	3	1	4
10049	1	1	4
10052	3	1	1
10054	3	1	1
10056	3	1	4
10058	3	4	3
10061	5	5	5
10064	3	1	1
10067	5	5	5
10068	5	1	1
10071	3	4	3
10074	3	1	3
10078	5	5	4
10079	5	5	5
10080	5	4	3
10081	3	1	3
10083	5	4	1
10084	4	1	3
10085	4	5	5
10087	1	5	5
10089	1	1	1
10090	3	1	1
10096	5	5	4
10098	5	5	4
10101	5	5	5
10102	4	5	4
10103	4	1	1
10106	4	1	3
10111	5	5	5
10113	5	5	3
10115	5	5	3
10116	5	5	5
10119	5	5	5
10120	5	1	3
10123	5	4	5
10128	4	1	3
10131	4	5	5
10136	5	5	4
10139	3	1	1
10143	3	1	5
10149	5	1	1
10151	1	4	4
10152	5	1	1
10161	5	5	4
10163	3	1	3
10166	4	5	4
10168	4	4	3
10170	5	4	1
10172	4	1	3
10173	1	1	4
10183	4	1	4
10184	3	5	4
10185	3	5	3
10186	1	1	1
10188	4	1	3
10193	4	5	4
10197	5	4	5
10199	3	1	1
10213	1	1	3
10218	5	5	5
10219	5	5	5
10220	1	1	1
10221	3	1	1
10223	3	1	1
10225	4	1	3
10227	3	1	1
10230	1	1	1
10236	5	5	4
10242	5	5	5
10246	1	4	3
10248	5	1	1
10258	5	5	4
10259	3	5	4
10267	5	5	3
10268	5	5	5
10272	4	1	4
10278	1	1	1
10281	1	1	4
10284	1	1	1
10288	1	1	1
10290	5	4	3
10294	3	5	5
10295	5	5	5
10302	4	5	4
10303	3	1	1
10306	5	5	5
10310	5	5	3
10315	4	1	4
10327	3	5	3
10328	4	5	4
10339	5	5	5
10341	1	4	5
10344	3	5	5
10347	5	5	5
10352	3	1	4
10353	4	1	1
10358	5	4	1
10366	1	1	1
10370	5	5	5
10379	1	1	1
10390	4	1	3
10395	3	1	3
10397	3	1	4
10399	5	5	4
10401	5	1	1
10404	1	1	3
10408	1	1	3
10409	1	1	1
10412	5	5	5
10423	3	4	4
10427	3	1	3
10429	3	1	3
10432	5	5	5
10443	1	1	3
10446	5	5	5
10447	5	5	4
10455	1	4	5
10456	4	4	4
10460	3	1	4
10466	1	1	1
10468	5	5	4
10469	3	4	4
10471	4	5	5
10472	3	4	5
10473	4	4	5
10475	5	5	5
10479	5	1	3
10481	3	1	4
10488	1	1	1
10489	3	1	3
10495	5	4	3
10499	3	4	1
10501	1	1	1
10510	3	1	1
10513	1	4	3
10515	4	5	5
10516	5	5	5
10518	3	5	5
10520	1	1	1
10521	3	1	1
10523	5	1	1
10526	5	1	1
10529	3	4	4
10530	3	5	5
10533	4	5	5
10534	1	1	1
10536	1	5	5
10539	4	1	1
10542	4	1	1
10544	4	5	5
10546	4	5	4
10547	1	4	4
10549	5	5	4
10550	3	5	5
10551	1	5	3
10560	4	5	5
10562	3	1	1
10567	1	1	3
10572	5	4	3
10576	3	1	4
10579	4	1	1
10581	5	1	1
10586	5	1	5
10588	5	5	5
10594	3	1	1
10600	5	5	5
10601	5	1	1
10603	4	5	5
10605	1	1	3
10606	1	1	1
10609	5	5	5
10613	4	5	5
10620	5	1	4
10621	3	1	5
10622	3	5	5
10623	1	1	1
10626	5	1	1
10628	4	1	1
10630	1	1	1
10635	3	1	3
10639	5	5	5
10640	3	4	3
10644	1	1	4
10645	1	1	1
10650	4	1	3
10654	5	5	5
10655	1	1	1
10661	3	4	1
10662	3	1	3
10671	5	5	4
10678	5	5	4
10687	3	1	3
10689	4	5	4
10692	5	5	3
10696	1	1	1
10698	3	1	3
10699	1	4	4
10702	4	4	3
10703	5	5	5
10712	3	1	1
10713	3	1	1
10719	4	5	5
10720	3	4	3
10734	1	1	1
10735	3	1	4
10737	5	5	3
10738	1	4	3
10739	3	5	4
10740	5	1	3
10744	5	5	5
10755	4	4	3
10761	4	1	1
10763	1	1	1
10767	4	1	1
10768	4	5	5
10769	1	1	3
10770	4	5	3
10774	5	5	4
10776	4	1	1
10793	5	1	1
10795	3	1	1
10797	5	5	4
10800	5	5	4
10806	4	1	3
10809	4	1	1
10810	3	1	1
10811	4	5	4
10812	3	1	1
10813	4	1	3
10814	5	5	4
10819	3	1	1
10820	5	5	5
10822	4	5	4
10823	4	5	5
10824	1	1	1
10828	3	4	4
10831	3	1	1
10832	5	4	3
10836	5	1	1
10837	1	1	3
10838	4	5	3
10840	1	1	4
10847	5	1	3
10855	3	5	5
10857	3	1	1
10858	4	5	4
10860	3	1	1
10863	3	5	4
10864	4	5	3
10870	1	4	3
10874	3	1	1
10879	5	5	5
10880	1	1	1
10882	1	4	4
10887	5	5	5
10888	4	1	1
10892	5	5	4
10893	5	5	5
10902	5	5	5
10903	4	5	3
10904	5	5	4
10908	4	4	3
10924	4	5	5
10930	5	1	1
10942	1	1	5
10947	3	5	4
10950	5	4	4
10951	3	5	4
10954	5	5	5
10958	5	1	1
10959	5	1	3
10964	4	1	4
10965	5	5	4
10967	1	1	1
10969	4	5	5
10972	5	1	1
10973	1	1	4
10974	1	4	4
10977	5	5	5
10978	1	1	1
10979	5	1	1
10983	5	5	4
10984	5	5	5
10988	5	1	1
10992	4	5	5
10996	4	5	4
10997	1	1	1
10998	5	1	4
11003	4	5	3
11004	4	5	5
11006	3	5	5
11007	1	1	3
11011	3	1	1
11012	5	4	4
11013	5	5	3
11016	3	4	5
11017	4	5	5
11021	5	5	5
11023	3	4	3
11024	5	5	5
11033	1	4	5
11035	1	1	1
11039	5	4	5
11044	3	4	4
11045	1	4	4
11055	5	5	5
11063	3	5	4
11066	5	5	5
11069	5	5	5
11070	5	1	3
11076	5	4	3
11077	4	1	1
11086	4	4	3
11088	4	1	3
11090	1	1	1
11093	3	1	1
11096	1	1	3
11097	4	4	4
11098	3	4	1
11104	4	5	4
11106	1	5	5
11107	3	1	4
11109	4	5	5
11113	1	1	1
11118	3	1	3
11119	4	1	1
11121	4	4	4
11127	5	1	3
11129	4	4	1
11130	3	1	3
11134	5	1	3
11139	5	4	3
11140	3	1	1
11143	3	1	4
11146	3	4	4
11149	1	1	1
11154	3	5	5
11155	5	5	4
11159	5	5	5
11160	4	1	1
11164	1	1	1
11171	4	5	4
11172	1	4	1
11174	5	5	3
11175	4	4	3
11177	1	4	3
11179	3	4	1
11180	1	1	3
11183	3	4	4
11190	4	4	5
11191	3	4	3
11199	5	4	4
11203	4	1	1
11209	1	1	4
11211	1	4	3
11212	3	1	3
11213	3	5	5
11214	3	1	3
11215	3	1	1
11222	3	5	5
11225	5	5	5
11227	4	1	1
11231	1	1	3
11235	5	5	5
11241	1	1	1
11242	3	1	4
11246	4	1	3
11247	3	4	4
11249	4	5	5
11251	4	5	5
11262	5	5	3
11269	4	4	4
11272	5	5	4
11275	5	1	1
11279	5	5	5
11283	1	1	3
11285	5	5	4
11288	5	5	5
11289	3	1	3
11292	5	5	5
11296	5	5	5
11298	5	5	5
11300	1	1	3
11303	3	1	1
11306	4	5	3
11308	1	1	1
11311	4	4	5
11312	1	1	3
11317	3	1	4
11324	5	1	4
11326	4	5	5
11336	5	4	4
11340	5	5	3
11341	4	5	5
11346	4	1	4
11347	4	1	1
11354	1	1	1
11356	4	1	1
11364	3	5	5
11365	1	1	1
11369	4	5	5
11371	4	5	5
11376	5	1	1
11378	1	4	4
11382	4	5	4
11387	1	1	1
11390	4	1	3
11396	3	5	5
11398	5	4	4
11404	4	5	4
11409	5	4	3
11410	3	4	5
11417	4	1	1
11419	3	1	1
11420	1	1	4
11421	5	5	5
11422	5	5	4
11424	5	4	3
11425	3	5	4
11431	3	4	4
11447	1	1	1
11462	5	5	5
11463	1	1	5
11464	3	1	1
11466	3	4	3
11467	1	1	1
11471	5	5	4
11474	3	1	1
11475	5	5	5
11481	4	5	3
11482	5	4	5
11483	4	5	5
11487	5	1	3
11488	5	1	3
11490	1	1	1
11494	5	5	5
11499	4	5	4
11501	4	4	5
11502	4	5	5
11508	3	4	4
11513	4	5	5
11515	5	5	4
11516	1	1	4
11519	5	5	5
11521	4	4	3
11524	4	5	5
11527	5	5	5
11529	4	4	3
11530	4	1	4
11531	3	1	4
11532	3	1	3
11533	4	4	4
11536	5	5	5
11537	5	5	4
11538	5	5	4
11543	5	5	5
11545	3	1	1
11546	3	4	4
11550	1	1	3
11554	5	1	1
11555	1	1	1
11556	4	4	1
11558	1	1	1
11559	5	5	5
11563	3	1	1
11567	5	4	1
11569	5	5	5
11571	1	1	1
11572	5	5	5
11574	5	5	4
11580	1	1	1
11584	4	5	5
11586	4	5	5
11589	1	1	3
11601	3	1	3
11603	5	5	5
11604	5	5	4
11605	4	4	4
11609	5	4	3
11610	5	5	5
11617	1	1	1
11619	5	1	1
11624	5	5	4
11627	4	1	3
11628	5	5	5
11629	5	5	4
11630	4	5	5
11633	3	1	3
11635	4	5	4
11637	1	1	3
11641	1	1	1
11644	4	5	4
11651	4	4	4
11652	4	5	5
11656	5	4	4
11661	1	1	3
11664	5	1	1
11668	4	1	1
11669	5	5	4
11675	3	4	5
11676	5	4	3
11677	1	1	4
11682	3	5	5
11683	5	5	4
11685	4	5	5
11687	4	1	4
11689	1	1	1
11690	3	5	5
11693	5	5	5
11697	5	5	4
11704	4	1	3
11707	4	1	3
11710	5	4	3
11711	4	5	4
11713	4	4	3
11714	5	1	3
11717	3	5	4
11720	5	5	4
11725	1	1	1
11729	5	5	4
11734	4	1	3
11737	3	1	1
11740	4	5	5
11741	1	4	3
11747	5	4	4
11748	4	1	3
11749	5	5	5
11753	5	1	3
11756	5	5	5
11757	1	1	3
11758	5	1	1
11759	3	5	5
11763	3	5	4
11771	5	5	5
11772	3	5	4
11777	1	1	4
11779	3	1	1
11781	3	1	3
11783	3	4	4
11784	1	4	3
11790	1	4	3
11794	4	4	4
11796	5	1	1
11798	1	1	3
11799	1	4	5
11801	1	1	3
11803	3	5	5
11805	5	5	5
11808	4	5	4
11809	5	5	4
11810	1	1	1
11812	4	5	4
11814	3	5	5
11816	1	1	1
11821	4	5	3
11822	4	1	1
11823	5	5	5
11824	5	5	3
11826	4	5	4
11827	5	5	5
11829	1	1	3
11831	1	1	3
11832	4	5	5
11836	5	1	1
11837	5	4	3
11838	3	4	3
11839	3	5	5
11840	4	4	4
11845	5	4	3
11847	3	5	4
11853	1	4	3
11860	5	5	4
11876	1	5	4
11885	5	5	5
11887	5	5	5
11889	3	1	3
11894	1	4	4
11903	5	5	4
11905	4	5	5
11906	3	1	1
11909	5	5	4
11911	3	4	3
11915	4	5	4
11918	5	4	5
11919	3	4	4
11921	1	1	3
11925	5	5	4
11934	5	5	4
11938	5	5	5
11942	3	5	3
11945	5	4	4
11947	1	4	4
11951	3	1	1
11957	4	4	3
11959	3	1	3
11962	3	1	1
11964	3	4	3
11967	4	4	3
11975	3	1	1
11977	5	1	1
11981	4	5	5
11983	5	1	3
11986	4	5	4
11988	4	5	3
11994	3	1	3
11995	5	5	5
12000	4	1	4
12002	5	5	4
12005	5	1	1
12006	1	4	4
12007	5	4	4
12008	4	4	1
12012	1	4	5
12015	1	1	1
12016	4	5	3
12022	5	5	4
12024	3	5	5
12028	3	1	1
12030	4	5	4
12031	4	4	3
12034	5	5	5
12043	4	4	4
12046	5	5	4
12047	3	4	4
12048	5	5	5
12050	5	5	4
12053	5	4	3
12056	4	5	5
12058	1	1	5
12060	5	5	5
12063	4	1	1
12068	5	1	3
12072	5	5	5
12077	1	4	3
12081	3	5	4
12082	5	5	5
12089	5	5	4
12092	4	4	3
12093	3	1	3
12096	1	1	3
12097	5	5	4
12098	5	5	5
12102	5	5	5
12104	1	4	3
12108	5	5	5
12112	4	1	1
12119	1	1	4
12120	4	4	4
12123	3	1	1
12127	5	5	5
12128	5	5	4
12138	3	4	4
12139	3	5	4
12141	4	4	4
12148	4	4	4
12149	4	1	4
12152	5	5	4
12154	5	5	5
12155	1	1	1
12160	3	1	1
12164	3	4	4
12165	1	1	3
12167	1	1	1
12168	1	1	3
12175	1	4	4
12176	4	4	1
12182	4	4	1
12183	3	4	3
12184	5	5	5
12185	1	1	1
12188	5	5	4
12189	5	5	3
12191	3	5	5
12194	3	1	3
12196	3	4	4
12199	1	1	1
12204	5	5	5
12207	4	5	5
12215	3	1	4
12217	3	4	4
12219	3	4	1
12221	5	5	4
12223	4	1	1
12224	1	1	3
12228	5	5	4
12230	1	4	4
12231	3	1	1
12235	4	1	3
12238	4	5	5
12239	3	1	1
12241	5	5	4
12242	5	5	5
12253	3	1	1
12254	4	5	4
12256	1	1	3
12257	3	1	1
12260	4	1	1
12261	3	4	1
12263	3	1	5
12270	5	4	4
12272	5	5	5
12278	1	1	1
12280	4	1	3
12285	4	1	3
12286	1	1	3
12287	5	4	4
12291	3	1	3
12293	1	1	3
12295	5	5	5
12297	4	1	1
12298	1	1	3
12301	3	1	3
12303	1	1	3
12310	5	5	5
12311	3	1	1
12315	1	1	5
12316	5	5	3
12320	1	1	4
12322	5	5	4
12323	4	4	4
12331	5	5	4
12333	1	1	1
12334	1	1	3
12336	5	5	5
12338	5	4	4
12344	5	4	3
12352	5	5	5
12353	3	5	4
12354	4	5	4
12356	3	4	3
12357	5	4	3
12358	4	4	1
12360	5	4	4
12367	5	5	5
12368	3	1	3
12370	1	4	3
12373	3	5	4
12381	4	1	3
12385	3	1	1
12389	4	4	3
12399	5	5	4
12400	5	5	5
12401	4	1	1
12415	3	1	1
12419	4	5	4
12426	1	1	3
12430	4	4	4
12433	5	1	3
12435	5	5	5
12436	1	1	3
12439	1	1	1
12441	3	1	1
12445	3	4	4
12453	5	5	5
12454	4	1	1
12455	5	5	5
12456	1	4	4
12457	4	5	5
12462	3	1	3
12466	3	1	3
12467	3	5	3
12471	4	5	5
12472	5	5	4
12474	5	5	4
12476	5	5	5
12477	4	1	1
12479	1	1	1
12480	4	5	4
12481	1	4	3
12482	3	5	5
12483	5	5	5
12488	3	4	1
12489	5	5	5
12493	3	4	5
12496	3	4	3
12498	5	1	1
12500	3	1	3
12501	1	1	1
12502	4	5	5
12503	3	1	1
12507	3	5	4
12509	3	4	4
12514	3	1	1
12515	4	1	3
12521	4	4	4
12523	5	5	5
12528	5	4	3
12530	4	5	4
12531	5	1	1
12534	5	5	4
12537	5	1	4
12538	4	5	5
12544	3	1	3
12546	3	1	1
12547	3	5	4
12548	5	5	5
12552	5	5	4
12553	4	5	5
12556	5	4	4
12557	3	1	3
12561	5	4	3
12562	4	5	5
12563	3	1	1
12566	4	4	4
12567	5	4	4
12568	5	5	5
12571	4	5	5
12577	3	1	1
12579	4	5	5
12580	4	1	1
12582	1	1	3
12591	4	5	5
12593	4	4	4
12594	3	4	3
12595	4	4	4
12598	1	4	4
12600	4	5	5
12601	5	5	5
12605	4	1	1
12611	4	1	1
12613	3	1	4
12617	4	4	3
12619	1	1	1
12624	3	4	3
12625	1	4	3
12631	1	4	5
12635	1	4	4
12637	3	5	5
12638	3	1	3
12648	1	1	1
12649	5	5	5
12657	5	5	4
12660	5	5	3
12665	3	1	4
12667	4	5	5
12669	3	1	1
12670	3	4	3
12671	4	5	5
12679	1	1	1
12681	5	5	4
12685	5	1	1
12692	4	4	3
12693	5	1	3
12704	1	1	3
12705	4	1	1
12707	4	1	1
12709	4	5	5
12710	3	4	3
12713	1	1	1
12715	1	1	1
12719	1	1	4
12720	4	4	4
12721	3	4	3
12726	3	5	4
12728	3	1	1
12729	4	1	1
12730	4	1	1
12731	4	5	1
12737	3	1	3
12746	5	5	5
12747	3	5	5
12750	5	5	5
12751	5	5	4
12759	3	4	1
12763	3	1	3
12764	4	1	3
12766	4	1	3
12772	3	4	4
12774	1	1	3
12778	3	1	3
12782	3	5	3
12783	5	5	5
12785	5	5	4
12795	4	4	3
12797	1	1	1
12798	5	5	5
12804	5	5	4
12806	5	5	5
12807	3	5	5
12813	3	1	1
12816	5	1	5
12818	3	5	3
12820	1	1	3
12826	3	1	1
12827	3	5	4
12838	5	5	5
12839	1	1	1
12840	1	1	1
12842	3	5	5
12843	5	5	5
12845	4	5	5
12852	4	5	5
12855	1	1	1
12856	1	1	4
12860	5	5	5
12878	3	1	3
12879	5	5	5
12882	5	5	5
12885	5	5	5
12890	3	1	1
12891	3	4	3
12892	4	5	5
12896	3	1	1
12899	5	5	4
12902	5	5	5
12906	5	5	5
12907	1	4	3
12913	5	5	5
12915	1	1	1
12916	1	4	4
12917	5	5	5
12920	1	1	3
12924	4	1	1
12925	3	1	3
12928	1	1	3
12934	5	5	5
12938	5	5	5
12939	4	1	4
12946	5	4	1
12947	5	5	5
12948	4	4	4
12949	5	4	4
12953	4	5	5
12954	4	5	5
12959	4	1	3
12963	5	5	4
12964	3	4	3
12965	4	1	1
12972	5	1	1
12973	5	1	4
12977	5	5	4
12983	4	5	4
12985	4	4	4
12986	4	5	4
12988	3	1	1
12991	3	5	4
12993	3	5	5
12995	1	5	3
12996	5	5	5
12999	5	5	5
13007	5	5	5
13011	1	4	1
13012	3	4	3
13013	5	5	4
13017	5	4	3
13018	1	1	3
13019	3	1	1
13021	4	1	3
13023	1	4	4
13027	1	1	1
13032	5	5	5
13034	4	1	1
13035	4	4	4
13043	4	4	3
13049	5	1	3
13052	5	5	5
13053	5	5	4
13063	4	5	5
13066	5	1	1
13076	5	5	5
13078	5	4	5
13079	3	1	1
13090	5	1	3
13093	5	5	5
13094	5	5	5
13099	4	5	5
13101	4	1	1
13105	1	1	3
13106	5	4	3
13113	1	1	4
13114	5	5	4
13116	4	5	4
13117	5	5	4
13118	3	1	1
13119	1	1	3
13126	3	1	3
13127	5	1	1
13128	4	5	3
13129	4	1	1
13145	3	1	3
13147	4	1	4
13148	1	1	1
13149	3	5	3
13153	1	1	1
13156	3	4	3
13161	4	1	3
13162	4	1	1
13163	4	1	3
13164	4	4	3
13167	5	5	5
13168	4	5	3
13171	3	5	5
13172	5	5	5
13173	4	5	4
13174	1	1	3
13175	3	1	1
13177	3	1	1
13178	3	4	3
13181	3	1	1
13182	3	4	4
13183	5	4	5
13186	1	1	3
13190	3	5	5
13194	1	5	4
13196	1	5	4
13206	5	1	3
13207	1	1	3
13210	3	4	3
13211	1	1	3
13212	1	1	4
13213	4	5	4
13222	3	1	3
13223	3	1	4
13227	4	5	4
13235	4	1	1
13237	1	4	4
13243	1	1	1
13245	5	5	5
13248	5	5	4
13252	4	1	1
13253	1	1	1
13258	1	1	3
13261	5	5	4
13264	3	4	3
13265	3	4	3
13270	1	1	4
13274	3	1	1
13275	5	5	5
13279	4	1	1
13288	5	4	3
13291	1	1	1
13292	3	1	1
13297	5	5	4
13316	4	1	1
13319	5	5	4
13323	4	5	5
13328	5	5	5
13329	1	1	3
13332	5	5	5
13335	5	5	3
13337	4	4	3
13338	4	5	5
13342	3	1	1
13345	3	5	5
13346	5	5	4
13354	3	1	1
13362	3	4	3
13363	4	5	5
13364	3	4	4
13367	3	1	1
13368	3	5	5
13372	5	1	3
13373	5	5	4
13374	4	5	3
13380	4	5	3
13382	1	1	1
13384	4	5	5
13385	5	1	1
13386	5	5	5
13387	5	5	5
13390	4	4	4
13392	5	5	4
13393	5	4	4
13394	5	4	3
13396	3	4	3
13403	5	5	5
13406	4	1	3
13409	4	1	1
13410	1	1	1
13415	4	4	1
13417	3	4	4
13423	1	1	3
13425	5	5	5
13427	3	4	3
13429	3	4	4
13431	4	1	1
13432	5	4	3
13435	3	5	5
13437	5	5	4
13439	5	5	5
13441	4	1	1
13450	3	1	3
13451	4	4	5
13453	3	5	5
13458	1	1	1
13460	5	5	4
13461	5	5	4
13462	1	4	4
13463	4	5	3
13468	5	5	4
13472	5	5	5
13480	1	1	3
13487	4	5	5
13490	3	5	5
13493	5	5	5
13496	4	1	1
13497	5	5	5
13499	1	1	4
13500	5	5	5
13501	3	4	3
13505	1	1	3
13506	1	1	3
13510	5	1	4
13519	4	5	4
13520	4	4	5
13523	1	1	1
13524	4	4	1
13527	4	5	5
13528	1	5	3
13531	4	5	4
13533	4	5	4
13535	5	1	1
13541	5	5	5
13543	3	1	4
13544	4	4	4
13546	5	4	4
13549	3	1	3
13550	3	1	4
13551	3	4	3
13556	3	1	1
13557	3	1	1
13560	3	4	4
13562	3	4	4
13563	5	5	5
13565	5	5	5
13567	5	4	4
13572	5	4	4
13573	4	1	3
13574	3	1	3
13576	3	1	1
13577	1	4	3
13582	1	5	5
13583	5	5	4
13587	1	1	1
13588	4	4	5
13591	4	1	3
13595	1	1	3
13603	5	5	5
13604	3	1	1
13609	5	5	5
13619	4	5	4
13624	5	1	1
13631	5	4	4
13636	5	5	4
13638	5	5	5
13645	5	4	4
13652	3	5	3
13655	1	1	3
13658	4	5	4
13666	3	4	4
13667	1	4	3
13672	5	1	1
13676	3	5	5
13678	3	5	4
13680	5	5	5
13685	3	5	3
13686	3	5	4
13688	5	5	5
13694	3	1	3
13699	1	1	1
13700	4	4	4
13701	5	1	1
13702	4	4	4
13705	4	5	3
13708	5	5	5
13709	5	5	4
13710	4	5	4
13716	3	1	3
13719	3	4	3
13730	1	1	4
13731	3	1	3
13732	3	5	5
13735	5	1	3
13736	4	1	4
13752	3	5	3
13753	5	5	3
13754	1	1	1
13755	1	1	1
13756	1	1	3
13760	5	1	1
13761	1	1	1
13772	3	1	1
13778	3	1	1
13781	1	1	1
13783	3	1	1
13786	1	4	4
13787	3	5	5
13788	4	1	1
13790	1	1	1
13796	5	5	5
13806	3	5	5
13814	3	4	5
13820	3	5	5
13823	4	5	5
13824	1	1	3
13830	3	1	4
13831	1	1	1
13834	1	1	1
13835	3	5	4
13845	4	5	5
13846	5	5	5
13855	5	5	5
13857	3	4	4
13864	3	1	4
13867	4	5	4
13872	3	1	4
13873	1	1	1
13874	1	1	4
13879	4	4	4
13888	5	5	3
13890	4	4	5
13894	1	1	4
13900	5	1	3
13901	3	5	5
13902	5	4	5
13903	5	5	5
13904	4	1	1
13906	4	4	4
13907	1	1	3
13909	4	4	4
13910	4	5	5
13911	5	4	3
13913	5	5	5
13919	1	1	1
13922	4	1	1
13928	4	5	3
13931	5	4	5
13938	5	5	5
13940	5	5	4
13941	1	1	3
13943	5	4	3
13945	5	5	5
13948	5	5	5
13954	5	5	4
13955	3	5	5
13958	1	5	3
13959	4	4	5
13960	4	1	3
13961	3	4	3
13963	4	4	4
13965	1	1	1
13967	4	5	5
13969	4	1	1
13974	5	5	5
13975	4	1	1
13976	4	4	4
13977	4	5	5
13978	1	1	1
13979	4	5	4
13985	5	5	3
13988	1	1	1
13991	5	4	3
13997	3	1	1
13999	4	1	4
14003	4	4	4
14005	1	5	4
14006	5	5	4
14009	1	1	3
14010	5	1	4
14015	3	5	5
14018	1	5	5
14019	5	5	5
14021	1	1	1
14023	4	5	5
14032	5	1	1
14034	1	1	3
14036	4	4	1
14039	3	1	5
14042	3	1	3
14043	3	1	5
14044	4	4	3
14046	4	5	5
14048	5	5	5
14062	5	1	1
14063	4	5	4
14068	5	5	4
14069	3	1	3
14071	1	4	1
14073	5	1	1
14078	1	1	1
14079	5	5	3
14081	5	5	5
14083	5	5	5
14084	1	1	3
14085	1	1	1
14086	5	4	1
14089	5	5	5
14091	5	4	3
14095	1	1	3
14098	5	5	3
14099	1	4	3
14100	4	5	4
14103	4	1	1
14105	3	1	3
14106	1	1	3
14108	5	4	4
14110	3	1	1
14112	5	5	5
14117	3	1	1
14118	3	4	4
14121	4	1	1
14123	4	5	5
14132	3	5	3
14137	5	5	5
14139	5	5	4
14142	3	1	3
14146	5	5	5
14149	4	4	4
14152	5	4	4
14153	5	4	5
14154	4	5	4
14158	5	4	5
14161	3	5	3
14166	3	4	3
14170	1	5	3
14174	3	1	3
14175	5	1	3
14181	5	5	3
14184	5	5	5
14185	4	5	4
14190	3	4	4
14191	1	1	1
14198	3	1	3
14204	4	5	4
14205	4	4	3
14207	4	4	5
14208	4	5	5
14210	5	4	5
14217	4	5	5
14219	5	1	4
14221	5	4	4
14223	4	1	1
14226	5	4	3
14228	3	4	4
14229	4	5	5
14230	1	4	1
14232	5	1	1
14234	4	5	5
14237	3	5	3
14239	5	5	3
14243	1	1	1
14253	4	1	3
14256	3	1	1
14260	1	5	4
14261	4	5	3
14265	5	5	5
14268	1	1	3
14269	5	5	5
14271	4	1	1
14275	4	5	5
14286	3	1	1
14289	4	1	1
14290	5	4	1
14295	1	1	3
14296	4	5	5
14298	5	5	3
14299	1	4	3
14302	4	1	3
14303	3	1	1
14305	5	5	5
14314	5	5	5
14315	5	5	4
14316	4	4	4
14319	5	5	5
14321	1	4	4
14325	5	5	4
14326	4	4	1
14333	4	5	4
14334	1	1	1
14336	3	1	1
14337	1	1	1
14338	4	1	1
14340	5	1	1
14345	4	1	1
14348	5	5	5
14350	5	5	5
14355	3	4	4
14359	3	5	5
14360	1	1	5
14361	3	1	5
14364	4	1	1
14369	1	1	3
14370	5	4	1
14374	3	1	5
14376	4	5	4
14380	3	4	1
14381	5	5	5
14383	3	5	3
14385	1	1	1
14386	3	4	4
14389	5	5	4
14393	4	5	4
14394	1	4	5
14396	4	1	1
14397	3	1	1
14403	5	5	5
14405	3	1	1
14406	4	5	3
14409	1	4	4
14410	4	1	3
14411	4	4	4
14414	1	1	3
14417	5	4	3
14419	4	5	5
14420	3	5	4
14422	4	4	4
14426	5	5	4
14431	4	1	1
14433	4	5	5
14436	5	1	1
14437	4	5	5
14443	5	4	3
14444	3	1	1
14446	1	1	1
14449	3	4	3
14450	3	1	5
14453	5	5	5
14457	1	1	5
14464	3	1	1
14469	3	1	1
14471	3	5	4
14479	3	4	5
14482	5	1	1
14485	3	4	3
14486	1	5	4
14491	5	5	5
14494	3	4	3
14502	5	4	3
14504	5	5	5
14505	4	5	5
14507	3	5	5
14508	1	1	1
14510	1	1	1
14519	3	5	4
14521	1	1	1
14526	1	1	3
14528	1	4	5
14531	3	1	1
14536	4	4	3
14538	1	1	3
14542	1	1	1
14544	4	5	5
14549	4	1	1
14556	4	1	1
14558	4	4	3
14559	1	1	4
14563	3	4	3
14564	4	1	4
14565	4	1	3
14568	4	5	5
14569	3	5	5
14577	5	5	5
14580	1	1	1
14582	3	1	4
14583	5	4	4
14585	5	4	3
14586	1	1	4
14589	3	1	5
14599	5	5	5
14604	5	5	5
14605	3	4	3
14606	3	4	4
14609	4	4	3
14610	5	5	5
14615	3	4	3
14617	5	5	4
14620	3	1	3
14622	3	1	4
14625	5	5	5
14627	3	4	3
14632	5	5	5
14633	3	4	4
14635	4	4	4
14636	1	4	3
14637	5	5	5
14639	3	1	1
14643	5	5	3
14646	4	5	5
14653	4	1	1
14655	1	1	4
14662	5	5	3
14666	1	4	1
14673	3	5	4
14675	3	1	5
14679	5	5	5
14687	4	5	4
14688	4	1	1
14690	3	1	3
14692	3	1	4
14693	4	4	5
14694	5	1	4
14696	4	1	3
14697	3	1	3
14701	3	4	4
14703	5	5	4
14704	5	5	4
14710	3	1	3
14713	4	1	4
14714	4	5	5
14715	1	4	4
14717	3	1	1
14720	4	1	1
14721	4	5	5
14725	1	1	1
14726	5	5	5
14736	1	1	1
14737	4	4	1
14740	5	1	1
14744	4	5	5
14746	5	1	1
14749	4	5	5
14750	1	1	1
14764	4	4	4
14767	4	4	1
14768	5	5	5
14770	1	4	3
14772	3	4	5
14773	3	1	4
14774	3	1	1
14776	1	1	4
14777	3	1	1
14778	3	1	1
14781	4	1	4
14782	5	5	5
14790	5	4	5
14792	5	4	3
14795	5	5	5
14796	1	4	4
14804	1	4	3
14805	5	1	1
14806	5	1	1
14809	4	1	1
14810	4	4	4
14813	4	5	4
14814	4	5	4
14818	5	1	1
14820	5	1	1
14823	3	1	1
14826	5	1	1
14827	3	5	4
14829	4	4	4
14836	5	4	4
14837	3	1	1
14838	5	1	1
14844	5	5	3
14853	5	1	1
14857	1	5	4
14860	5	4	3
14863	1	1	3
14867	1	1	3
14871	1	1	1
14875	5	5	5
14878	3	4	3
14887	1	1	1
14888	5	4	4
14898	5	5	4
14901	3	4	4
14910	1	4	4
14915	5	5	5
14918	1	1	1
14921	1	1	1
14922	5	1	3
14923	3	5	4
14928	1	5	5
14929	4	1	1
14930	3	5	5
14931	4	1	3
14934	4	1	3
14940	3	5	5
14945	5	5	5
14947	3	4	4
14954	5	5	4
14958	1	1	1
14959	1	4	3
14960	5	5	4
14961	4	5	3
14964	5	1	1
14967	4	4	3
14968	4	1	1
14969	1	1	3
14971	3	1	3
14981	1	1	3
14983	3	1	1
14996	5	5	5
14998	5	5	5
14999	5	4	3
15004	3	1	3
15006	1	1	1
15007	5	4	3
15009	3	1	1
15010	5	5	5
15011	5	4	3
15012	3	1	1
15013	1	4	4
15014	1	1	1
15016	3	1	4
15017	4	1	1
15025	4	4	1
15026	5	5	5
15029	5	5	4
15034	3	4	3
15035	4	5	5
15042	3	1	1
15043	4	5	3
15044	3	1	3
15045	3	1	1
15051	4	1	1
15057	4	1	1
15058	1	1	1
15059	1	1	1
15061	4	4	4
15063	1	1	1
15066	1	1	3
15076	1	1	3
15079	3	1	3
15080	4	5	5
15082	4	5	5
15084	5	5	5
15088	5	4	3
15096	4	5	5
15098	4	1	3
15100	4	5	5
15101	4	1	1
15104	1	4	1
15105	5	5	5
15111	5	5	5
15113	1	4	4
15120	5	5	5
15121	1	1	3
15123	5	5	5
15127	3	4	3
15130	1	1	3
15132	3	1	1
15134	3	1	1
15135	3	5	5
15142	4	1	3
15147	5	1	3
15148	5	1	1
15149	4	5	5
15151	3	1	1
15157	4	5	4
15160	5	1	1
15162	5	5	5
15163	3	5	5
15171	3	1	1
15173	1	1	3
15174	5	5	5
15177	5	5	5
15182	3	5	4
15187	1	1	1
15188	1	1	1
15189	5	4	3
15195	5	5	4
15196	5	5	5
15198	5	1	1
15201	4	4	4
15208	5	4	4
15209	4	1	3
15210	1	1	1
15211	1	1	3
15212	5	5	4
15220	3	5	3
15226	1	1	1
15228	5	5	3
15232	4	4	4
15234	3	1	3
15235	1	1	1
15244	4	5	4
15246	4	5	4
15249	4	1	4
15251	3	5	4
15257	5	1	1
15259	4	5	5
15262	4	1	3
15275	4	5	4
15277	3	1	1
15278	5	5	5
15283	1	1	1
15285	3	4	3
15288	4	1	4
15289	3	5	5
15290	5	5	4
15295	5	5	5
15296	3	1	1
15297	5	5	4
15298	5	5	5
15303	5	5	5
15305	5	5	5
15306	5	4	3
15307	3	1	3
15308	1	1	1
15314	5	1	1
15315	1	1	3
15319	3	1	1
15321	1	1	3
15331	1	5	3
15335	5	5	4
15337	1	1	1
15342	5	5	5
15344	5	5	5
15346	1	1	3
15352	3	5	4
15353	5	5	3
15354	1	4	3
15356	5	4	5
15360	4	5	3
15361	5	4	3
15362	3	4	3
15364	4	5	3
15365	4	5	5
15366	1	4	3
15371	5	5	4
15375	5	5	5
15376	5	5	4
15377	5	4	4
15379	4	4	5
15380	3	4	4
15382	5	1	3
15383	3	4	4
15384	5	1	3
15385	5	5	5
15386	5	5	5
15390	3	1	1
15393	5	5	5
15399	5	5	5
15400	3	5	3
15406	3	4	4
15415	3	4	4
15420	4	5	4
15423	5	5	5
15426	3	1	1
15427	5	1	4
15429	5	5	3
15430	3	4	3
15434	3	1	1
15437	3	1	1
15438	5	5	5
15443	4	4	1
15445	4	4	4
15450	3	1	1
15457	4	4	4
15460	4	1	4
15463	3	1	1
15467	4	1	4
15469	5	5	4
15472	5	5	5
15480	5	5	5
15481	1	1	1
15482	1	1	1
15483	5	5	4
15491	3	4	4
15500	1	5	5
15501	1	1	1
15502	5	1	3
15503	4	5	5
15504	5	5	5
15505	4	1	5
15510	5	4	3
15512	5	1	1
15514	3	1	4
15516	4	1	3
15518	5	5	5
15524	5	1	1
15528	4	4	3
15529	3	4	4
15532	5	1	3
15535	5	1	4
15540	1	5	4
15541	4	5	5
15542	5	5	5
15547	1	1	3
15549	3	1	1
15555	1	1	3
15562	5	5	5
15563	1	1	3
15572	1	1	1
15578	5	5	5
15579	3	1	3
15581	1	1	4
15583	1	1	1
15588	4	4	3
15589	1	4	4
15594	5	4	3
15598	3	1	3
15605	3	5	3
15606	1	1	3
15612	1	1	4
15614	5	5	4
15615	4	1	3
15619	1	1	4
15623	4	1	3
15624	3	5	5
15625	5	4	4
15626	4	1	3
15627	5	4	4
15634	4	1	1
15636	3	1	1
15637	4	5	5
15638	1	1	3
15640	5	5	4
15641	5	5	5
15642	3	5	5
15646	1	1	3
15660	4	4	4
15662	1	1	1
15667	5	5	4
15670	5	5	5
15674	4	5	4
15675	3	4	4
15678	5	1	1
15679	5	5	5
15684	1	1	1
15685	3	1	1
15686	4	5	3
15694	5	1	3
15695	4	5	4
15696	1	1	1
15698	1	1	3
15704	3	1	1
15706	4	1	5
15712	1	1	4
15720	3	1	4
15731	1	1	1
15740	5	4	3
15744	3	5	5
15748	4	1	1
15750	5	5	4
15753	5	5	4
15754	5	5	5
15755	5	5	4
15765	1	4	1
15766	5	5	4
15770	5	5	5
15777	5	5	4
15779	5	5	5
15781	5	4	4
15786	5	5	5
15788	5	5	5
15789	5	4	3
15791	3	1	4
15794	5	5	4
15796	5	1	3
15797	5	5	5
15803	1	1	4
15806	5	4	3
15808	4	1	1
15810	5	4	4
15814	4	4	4
15815	5	5	5
15822	1	1	1
15830	3	1	3
15831	3	5	5
15838	1	1	4
15842	5	5	5
15843	3	1	1
15847	4	5	5
15850	3	5	5
15854	4	1	1
15856	1	1	1
15858	4	1	3
15859	3	4	5
15862	3	4	5
15864	5	4	4
15868	1	1	3
15871	5	5	5
15873	4	5	3
15878	5	5	3
15880	4	1	1
15881	4	5	4
15888	1	1	1
15892	5	1	1
15894	4	5	4
15902	4	1	1
15912	5	4	4
15914	1	1	1
15929	4	5	5
15930	4	5	3
15936	4	1	3
15946	4	4	3
15947	4	5	5
15951	5	1	1
15952	5	1	1
15953	5	5	5
15956	3	1	1
15964	3	4	5
15968	3	4	3
15982	4	5	4
15983	4	1	1
15985	1	4	1
15987	5	1	1
15990	5	5	4
15991	5	1	3
15993	3	1	1
15996	1	1	1
16006	1	4	1
16007	1	1	1
16008	1	1	3
16018	5	5	4
16021	4	4	4
16022	3	4	3
16023	3	4	3
16025	1	1	1
16026	4	5	5
16028	5	1	3
16031	5	4	4
16037	4	4	4
16038	1	1	1
16039	4	5	5
16040	5	4	4
16042	1	1	3
16046	1	1	5
16052	5	4	3
16057	5	1	1
16059	4	5	4
16060	3	5	5
16062	1	1	1
16064	4	5	3
16067	4	5	5
16074	1	1	1
16081	4	5	4
16082	4	5	4
16084	3	1	1
16089	5	5	3
16091	3	5	4
16092	4	1	1
16093	5	4	5
16094	3	5	5
16095	5	5	4
16097	5	5	5
16098	4	1	4
16099	5	5	4
16101	4	1	5
16108	3	4	4
16117	1	1	3
16118	3	4	5
16119	5	5	5
16120	1	4	4
16122	5	5	5
16123	5	5	5
16126	3	4	1
16127	4	5	4
16129	3	1	3
16133	1	1	1
16138	1	4	1
16142	1	1	1
16144	3	4	3
16147	5	5	4
16148	3	1	1
16152	1	1	1
16154	3	1	1
16159	1	5	4
16161	5	5	4
16163	3	1	1
16164	1	1	4
16166	5	1	3
16167	5	5	4
16171	5	1	3
16173	1	1	3
16175	4	5	5
16183	3	1	4
16199	3	4	3
16203	1	4	3
16205	5	1	1
16206	5	5	5
16211	5	5	5
16212	1	4	5
16214	5	5	5
16223	5	5	5
16225	3	4	3
16228	5	5	4
16234	5	5	5
16239	5	5	4
16240	5	5	3
16241	1	1	4
16248	5	5	5
16249	3	4	3
16251	1	4	4
16256	3	5	4
16258	5	4	4
16259	4	5	4
16266	1	4	3
16270	3	1	1
16274	1	4	4
16276	5	5	3
16277	3	5	5
16281	5	5	5
16287	1	1	1
16303	4	1	1
16304	5	1	1
16305	1	1	3
16309	3	1	3
16311	1	1	1
16319	5	4	5
16320	5	5	4
16322	1	1	1
16323	4	5	4
16326	5	5	5
16330	4	5	5
16331	5	5	5
16335	3	5	3
16336	3	4	1
16339	1	1	3
16340	1	4	5
16346	1	1	1
16347	4	1	3
16352	5	5	4
16353	4	5	4
16354	3	1	3
16360	4	1	3
16363	5	5	5
16365	4	1	1
16366	3	5	5
16367	4	5	3
16368	1	1	4
16369	1	1	1
16371	4	5	5
16374	1	5	3
16378	5	5	4
16379	5	5	5
16388	5	4	4
16390	4	1	1
16397	3	1	1
16399	1	1	5
16407	4	5	4
16408	3	1	3
16410	1	1	1
16411	3	5	3
16413	5	1	3
16415	5	5	5
16427	3	5	1
16430	4	5	5
16434	4	5	5
16438	5	5	5
16441	3	1	1
16444	5	1	1
16445	5	1	1
16447	4	5	4
16450	3	1	1
16452	1	1	5
16458	4	5	5
16459	1	1	1
16461	3	1	5
16463	3	4	3
16465	1	1	1
16466	4	5	5
16467	5	5	5
16472	5	5	3
16473	5	1	3
16477	4	4	3
16479	1	4	1
16480	3	1	3
16481	3	1	3
16483	4	4	4
16484	5	5	5
16487	3	1	3
16489	4	4	5
16498	5	5	5
16506	3	4	4
16509	5	5	4
16516	1	1	1
16517	5	5	5
16520	5	1	3
16521	5	1	3
16524	1	1	1
16529	4	4	5
16532	1	5	3
16542	5	5	5
16543	5	5	5
16546	3	4	4
16548	5	1	1
16549	4	1	1
16552	4	1	3
16554	1	1	1
16555	3	1	1
16556	5	5	4
16562	1	1	4
16565	5	5	4
16569	5	1	1
16574	3	4	3
16577	5	5	5
16578	3	4	4
16579	5	5	4
16580	5	4	3
16584	5	1	3
16586	4	1	1
16588	3	1	3
16589	4	5	5
16591	3	4	3
16595	3	1	1
16596	4	4	4
16599	1	1	1
16602	1	1	1
16606	1	4	1
16607	5	5	5
16610	1	1	1
16612	1	4	4
16613	1	1	4
16614	1	5	4
16616	1	1	1
16619	1	4	4
16622	5	4	4
16623	4	4	3
16628	4	5	5
16630	3	4	3
16631	4	5	3
16640	5	5	5
16641	5	5	5
16643	3	1	1
16647	1	1	1
16655	3	1	3
16656	5	4	3
16657	4	4	4
16660	5	5	5
16661	5	5	5
16664	1	1	1
16665	1	1	1
16680	5	4	3
16682	4	5	5
16683	5	5	5
16684	4	4	5
16686	5	5	4
16687	1	1	1
16691	4	1	1
16694	3	1	1
16695	5	5	5
16697	1	4	3
16702	5	4	3
16704	4	5	5
16707	4	1	1
16708	5	4	3
16710	4	1	1
16712	5	4	4
16715	5	5	5
16718	4	5	5
16719	5	5	5
16720	5	1	1
16729	5	5	5
16730	1	1	1
16740	1	1	1
16741	3	5	4
16749	1	1	1
16759	1	4	4
16763	5	1	1
16764	3	1	4
16765	3	1	3
16766	1	1	3
16767	1	4	4
16774	4	5	5
16775	3	1	4
16777	5	5	5
16785	4	4	5
16787	4	5	4
16789	3	1	3
16793	3	1	1
16794	4	4	4
16799	5	1	1
16800	5	4	3
16801	3	5	5
16805	5	5	4
16809	5	5	5
16814	3	1	3
16815	3	4	4
16819	5	4	3
16822	4	5	5
16825	4	1	1
16828	4	4	1
16833	5	5	5
16836	1	1	5
16838	5	5	5
16840	3	1	1
16841	4	1	1
16843	5	5	5
16848	4	1	4
16853	5	5	5
16863	5	5	5
16865	1	1	3
16878	4	1	1
16881	3	4	3
16886	5	5	4
16888	3	4	3
16889	1	4	3
16895	4	4	4
16899	1	1	4
16900	3	5	4
16901	5	1	3
16909	4	1	3
16914	3	5	5
16917	1	4	3
16918	3	4	3
16919	5	5	4
16928	4	1	1
16929	1	1	1
16934	4	4	3
16937	4	5	3
16938	3	1	3
16944	5	5	5
16945	5	5	3
16949	3	1	1
16950	1	4	4
16958	5	5	5
16961	3	4	1
16970	4	4	3
16974	5	5	3
16983	4	5	4
16994	5	5	4
16996	3	1	1
16998	3	4	3
17001	1	1	1
17002	5	5	3
17004	3	1	3
17006	4	5	5
17010	1	1	1
17011	5	4	4
17013	3	1	1
17018	3	4	4
17019	4	4	1
17020	5	4	3
17022	4	1	3
17027	5	4	4
17028	1	1	1
17035	5	5	4
17038	5	5	5
17041	5	5	5
17042	4	5	4
17045	4	1	1
17047	4	4	3
17051	4	5	4
17052	5	1	1
17053	4	4	4
17054	3	1	3
17055	3	5	5
17056	3	5	3
17060	1	1	3
17061	1	1	1
17062	1	1	4
17063	3	1	1
17070	5	4	3
17072	5	5	5
17074	3	1	1
17077	1	1	3
17079	5	1	1
17081	5	5	4
17084	1	1	1
17085	1	1	3
17089	5	5	5
17095	1	1	3
17104	5	5	5
17110	4	4	4
17112	1	1	1
17113	3	5	3
17118	3	1	1
17124	1	1	1
17125	5	5	5
17126	5	5	4
17129	1	1	1
17132	1	1	1
17134	5	5	4
17142	5	5	5
17144	5	5	5
17148	4	5	4
17149	1	4	3
17150	5	1	1
17151	5	5	5
17153	3	4	3
17162	3	4	5
17163	3	1	1
17168	4	5	4
17169	1	1	4
17170	5	4	4
17173	5	4	3
17175	5	5	4
17176	1	1	3
17177	5	1	1
17178	4	5	5
17181	4	5	4
17185	1	1	1
17189	5	5	5
17190	5	1	1
17191	4	1	1
17193	3	5	4
17211	4	4	3
17216	1	1	1
17220	4	4	4
17227	1	4	1
17229	3	1	3
17236	1	1	3
17240	5	5	5
17242	1	1	1
17252	5	5	5
17255	5	5	5
17257	3	1	4
17259	4	1	4
17261	1	4	1
17263	5	5	5
17264	5	5	4
17273	5	4	3
17276	4	4	3
17279	3	1	3
17280	5	5	5
17281	5	1	1
17285	3	4	3
17287	1	1	1
17291	4	1	3
17293	3	1	1
17294	4	1	3
17295	5	5	4
17296	1	1	3
17301	4	4	3
17304	1	1	3
17307	1	1	1
17308	1	1	1
17310	5	5	5
17314	5	5	5
17316	5	4	3
17317	4	4	5
17319	5	4	5
17320	5	5	3
17322	3	4	4
17324	5	5	5
17327	1	1	1
17330	1	1	1
17332	4	1	1
17339	5	5	5
17341	3	4	3
17344	1	1	1
17349	4	4	3
17353	3	1	1
17359	4	5	4
17361	4	5	5
17367	3	1	4
17368	5	5	3
17373	5	5	4
17374	1	1	3
17378	4	1	1
17379	5	5	3
17383	1	4	4
17391	5	5	5
17394	5	5	4
17395	5	4	4
17398	1	4	4
17405	4	1	3
17412	4	1	3
17421	5	5	5
17423	4	5	4
17425	5	5	3
17430	5	1	1
17432	4	1	1
17434	3	4	3
17437	5	1	1
17438	5	5	4
17440	1	1	4
17445	5	5	5
17448	4	4	4
17453	5	4	3
17454	4	4	4
17457	4	5	4
17458	5	4	4
17463	4	5	5
17465	5	1	1
17468	4	1	1
17473	1	1	1
17477	4	5	5
17479	3	1	3
17482	5	5	5
17487	1	1	1
17488	5	4	3
17493	5	4	4
17496	5	5	3
17499	3	1	1
17502	1	1	4
17503	4	1	1
17505	5	5	4
17506	1	1	1
17508	4	1	1
17509	4	5	4
17511	5	5	5
17512	1	4	3
17515	5	1	1
17518	3	4	3
17519	3	1	5
17520	1	1	1
17521	4	4	4
17523	4	5	5
17524	3	1	1
17528	4	5	4
17530	3	1	3
17532	3	4	4
17541	1	1	3
17542	4	4	3
17552	5	1	1
17559	3	5	5
17560	5	1	3
17571	1	1	3
17572	1	1	1
17574	5	4	3
17575	5	4	4
17578	3	1	1
17579	3	1	4
17585	5	5	5
17591	5	5	4
17603	3	5	3
17606	5	5	5
17609	1	1	3
17612	1	1	1
17615	1	1	1
17617	1	1	4
17620	4	1	1
17622	3	5	3
17625	4	4	3
17627	5	5	4
17634	1	1	3
17635	3	5	5
17642	4	5	4
17647	4	1	3
17650	3	1	1
17662	3	1	1
17664	5	5	4
17666	5	5	3
17668	1	1	3
17673	4	5	4
17675	1	1	4
17676	5	5	5
17679	1	1	1
17684	3	1	1
17692	1	1	4
17693	5	1	1
17694	5	5	4
17696	1	4	4
17699	3	1	1
17701	5	5	4
17702	1	1	1
17706	5	4	5
17708	3	4	5
17711	3	1	1
17717	3	4	4
17718	5	5	5
17720	1	1	3
17725	5	5	5
17728	4	1	1
17730	3	1	1
17735	1	1	1
17738	5	5	4
17740	5	5	4
17744	5	5	5
17748	3	1	1
17749	5	1	1
17751	4	5	5
17752	5	5	5
17753	3	1	3
17759	5	5	5
17760	5	1	1
17763	4	5	5
17765	1	4	3
17768	3	1	1
17776	5	4	1
17778	1	1	1
17780	4	4	3
17786	5	5	4
17791	3	1	3
17792	5	5	4
17796	3	5	5
17799	5	5	5
17801	5	1	1
17803	3	5	4
17807	3	4	3
17813	1	1	3
17814	5	5	4
17819	3	5	5
17823	1	1	4
17825	1	1	1
17826	5	1	1
17828	3	1	1
17829	5	5	4
17830	3	1	5
17833	1	1	1
17834	5	5	4
17838	3	5	4
17840	4	5	5
17843	4	1	1
17845	3	1	1
17846	3	1	1
17849	4	5	5
17853	5	5	4
17854	5	5	4
17855	1	1	1
17859	5	4	3
17861	4	5	5
17863	4	4	4
17870	4	5	4
17871	5	1	3
17872	4	4	3
17873	1	1	3
17877	1	1	1
17882	4	1	1
17884	3	1	1
17885	1	1	1
17887	3	1	1
17888	3	5	5
17889	5	5	4
17890	3	4	3
17896	3	5	4
17897	5	5	4
17899	1	1	1
17903	4	4	3
17909	4	4	3
17910	5	5	4
17913	5	4	3
17914	5	5	5
17915	5	5	5
17923	1	1	3
17928	1	1	1
17935	1	1	1
17938	3	4	3
17939	4	1	1
17946	1	1	4
17947	5	4	4
17957	5	4	1
17958	1	1	1
17959	5	5	5
17965	3	1	1
17968	5	4	3
17971	3	5	4
17973	4	1	3
17974	1	1	4
17975	1	1	3
17979	5	1	3
17980	5	4	4
17982	3	1	1
17986	3	1	3
17988	1	1	4
17989	3	4	3
17994	3	1	1
17999	4	4	4
18003	5	5	4
18004	4	4	4
18006	1	1	3
18008	5	4	4
18011	3	4	3
18015	4	1	3
18026	5	4	4
18027	4	5	5
18033	4	1	1
18035	5	5	3
18036	5	4	5
18038	1	1	1
18043	5	5	5
18045	3	1	3
18046	4	5	5
18049	1	1	1
18050	4	5	5
18054	3	4	3
18055	1	1	1
18056	3	1	4
18057	5	1	1
18068	3	1	1
18075	1	1	5
18076	4	5	5
18085	1	4	3
18087	5	5	5
18088	3	1	4
18089	3	1	1
18090	5	4	1
18098	4	1	3
18103	4	5	5
18107	1	4	4
18108	4	5	4
18111	5	4	1
18121	4	4	1
18124	3	5	3
18125	4	5	3
18126	3	1	3
18127	1	1	3
18130	5	4	3
18138	5	4	4
18139	3	4	4
18140	3	1	1
18142	1	1	3
18147	4	1	1
18156	5	5	4
18162	3	1	1
18164	1	4	4
18168	5	5	5
18171	4	4	4
18174	4	5	3
18175	5	5	5
18176	1	1	1
18184	1	1	4
18187	5	5	4
18189	5	5	1
18193	5	5	3
18194	3	1	3
18202	4	1	3
18204	5	1	1
18208	4	1	3
18209	1	1	1
18214	4	5	3
18215	4	5	5
18219	5	5	4
18221	3	1	1
18223	4	1	3
18225	1	1	1
18226	1	1	1
18228	1	1	1
18230	3	1	4
18233	3	1	3
18234	3	1	1
18235	4	1	3
18242	5	1	1
18243	3	1	1
18248	1	4	4
18258	3	5	3
18259	4	5	5
18261	4	5	5
18264	1	1	1
18267	1	1	1
18271	5	5	5
18275	5	5	4
18277	5	5	5
18281	3	1	1
18284	5	1	1
18285	4	5	3
18286	1	1	1
18290	3	5	5
18291	5	4	4
18292	5	4	4
18295	4	5	5
18296	1	1	1
18300	5	5	5
18302	3	4	3
18303	4	1	3
18307	3	1	1
18312	4	1	1
18318	5	5	5
18319	3	4	1
18322	3	1	4
18324	5	1	5
18326	4	1	4
18330	1	4	3
18331	3	1	1
18339	1	1	4
18340	3	5	5
18346	4	4	4
18348	4	4	4
18354	4	4	4
18359	5	5	5
18363	4	1	1
18365	5	5	3
18367	5	4	3
18370	3	1	1
18371	4	1	1
18373	1	1	3
18379	5	5	3
18381	1	1	3
18382	5	1	4
18384	3	1	3
18390	5	4	4
18391	4	1	1
18395	3	1	1
18399	1	1	3
18401	4	5	4
18403	1	1	1
18405	4	4	4
18413	4	1	1
18416	3	1	3
18421	3	4	4
18423	5	5	5
18424	4	5	5
18425	3	5	4
18430	3	1	3
18433	3	4	3
18436	1	1	1
18438	1	4	1
18440	1	1	4
18441	3	4	5
18442	1	4	3
18445	4	5	5
18455	5	1	3
18457	1	4	1
18459	1	1	1
18460	3	4	4
18461	5	4	4
18464	3	1	1
18474	1	1	1
18475	5	4	4
18482	4	5	5
18483	5	5	5
18487	3	1	4
18493	4	1	4
18494	4	5	4
18496	5	5	5
18498	3	4	1
18499	4	4	5
18500	3	1	1
18505	5	5	4
18508	1	1	1
18510	3	5	4
18513	3	1	1
18515	3	1	1
18516	3	1	1
18520	4	5	3
18529	4	4	3
18530	1	1	3
18531	4	1	1
18532	5	5	5
18537	3	5	4
18540	5	5	4
18541	4	4	3
18547	4	5	5
18552	1	4	3
18564	1	1	4
18567	3	1	1
18573	5	5	5
18578	4	1	3
18580	4	5	5
18581	3	4	4
18584	4	1	4
18585	1	1	1
18586	1	5	4
18588	4	1	3
18589	1	1	3
18590	5	4	1
18591	5	4	4
18594	3	5	4
18595	3	4	1
18598	5	5	3
18599	1	1	3
18600	4	5	4
18603	1	1	1
18604	5	5	5
18608	4	4	3
18611	4	1	3
18612	1	4	3
18613	4	4	3
18614	5	5	5
18615	5	5	5
18617	4	5	4
18618	1	1	1
18619	5	5	5
18620	3	1	1
18622	4	5	4
18623	5	5	4
18625	4	4	3
18627	4	5	3
18629	1	1	1
18638	5	5	5
18643	5	4	3
18648	4	4	3
18649	3	1	4
18653	1	1	4
18654	5	1	3
18655	1	4	3
18658	4	5	4
18660	3	5	4
18663	3	1	3
18666	3	4	3
18668	5	5	4
18683	1	1	4
18685	3	1	3
18689	4	4	3
18690	1	1	1
18693	3	1	3
18695	4	4	3
18696	4	5	4
18699	4	4	5
18700	5	5	4
18702	4	1	4
18704	1	1	4
18706	3	1	1
18710	4	5	5
18712	1	4	4
18715	5	5	5
18716	5	5	4
18718	1	1	3
18735	3	4	4
18737	5	5	5
18738	4	1	4
18739	1	1	3
18741	1	1	1
18744	5	4	5
18746	4	1	1
18749	5	5	3
18752	1	1	3
18764	5	5	5
18765	4	5	5
18766	1	1	1
18769	4	4	5
18772	5	5	4
18774	3	1	3
18777	5	5	5
18778	5	5	5
18786	5	1	3
18787	5	5	5
18790	3	4	3
18793	4	5	4
18795	5	5	3
18798	5	1	1
18802	3	1	1
18804	3	1	1
18805	3	4	4
18808	5	5	5
18809	3	4	4
18810	3	1	3
18812	4	5	5
18815	5	1	1
18823	4	5	4
18825	4	1	1
18826	5	1	3
18831	1	1	1
18834	1	1	1
18846	5	1	1
18849	1	1	3
18851	3	1	3
18855	1	1	1
18857	3	5	4
18865	5	1	1
18866	4	5	5
18868	4	5	5
18873	3	1	1
18879	5	4	3
18882	5	5	4
18884	1	4	1
18885	3	1	1
18888	5	5	5
18894	5	5	5
18896	3	1	1
18897	1	4	4
18900	3	4	1
18905	1	1	1
18911	4	1	1
18912	5	5	5
18915	5	5	5
18917	4	5	5
18918	4	5	5
18921	4	5	5
18923	5	4	3
18927	5	4	3
18928	5	5	4
18932	1	4	4
18935	1	1	1
18943	4	5	4
18944	5	5	5
18945	3	4	3
18946	5	1	1
18949	4	4	4
18952	5	4	3
18954	5	4	3
18958	4	5	3
18961	5	5	5
18963	4	1	4
18966	5	5	4
18967	1	1	3
18971	5	5	5
18975	5	5	5
18979	1	1	3
18982	5	1	1
18984	1	5	5
18990	4	5	5
18993	5	5	3
18994	4	4	3
18995	5	5	3
18998	5	5	5
19004	5	5	4
19005	5	1	1
19010	1	4	3
19011	4	5	4
19018	5	1	3
19020	1	1	3
19023	3	1	1
19025	3	1	1
19033	5	4	4
19035	3	1	1
19036	5	5	4
19037	4	5	4
19038	1	1	3
19040	1	1	1
19044	4	5	4
19046	5	4	3
19047	1	5	5
19050	3	1	4
19051	3	1	1
19052	1	4	3
19054	4	1	1
19056	5	5	5
19058	1	5	5
19060	5	5	5
19064	5	5	4
19066	5	5	5
19067	3	1	1
19073	4	5	3
19077	1	4	3
19081	4	1	3
19084	3	1	1
19087	4	1	3
19088	3	1	1
19096	4	5	4
19097	3	1	4
19101	4	1	1
19105	4	1	1
19109	3	1	1
19113	4	1	3
19115	4	1	1
19117	4	4	3
19120	1	1	3
19121	4	5	4
19124	5	5	5
19125	5	4	1
19126	5	5	5
19128	1	1	1
19134	4	1	3
19136	5	4	4
19137	5	1	1
19139	3	1	3
19140	4	5	5
19142	5	1	3
19145	3	1	3
19148	1	1	4
19149	4	5	4
19151	1	1	1
19154	3	1	1
19156	3	5	5
19158	4	5	5
19159	3	5	4
19160	5	4	4
19161	3	1	1
19165	3	4	4
19170	5	4	4
19173	3	1	1
19181	3	1	1
19183	3	1	1
19184	3	4	3
19188	1	4	4
19193	4	5	4
19198	1	1	3
19199	4	4	5
19202	5	5	5
19206	1	1	1
19207	5	5	5
19208	5	5	5
19209	3	1	1
19215	4	5	5
19217	5	5	5
19218	3	1	1
19219	5	5	5
19221	3	1	3
19225	4	1	4
19226	4	5	5
19228	1	1	1
19238	3	1	3
19242	5	5	4
19243	3	4	4
19247	1	1	5
19251	4	4	5
19257	5	5	4
19258	5	1	5
19259	1	1	1
19264	5	1	1
19268	1	1	1
19271	5	1	1
19273	5	1	1
19279	4	1	3
19281	5	1	1
19286	4	1	1
19295	3	1	3
19296	4	5	5
19298	3	5	5
19299	1	1	1
19302	4	1	3
19303	1	1	3
19304	5	5	5
19306	4	1	1
19308	1	5	4
19311	3	1	3
19318	1	1	3
19320	5	5	5
19323	3	5	4
19324	3	4	5
19329	5	5	5
19335	3	1	1
19338	1	1	4
19343	3	5	4
19345	3	5	5
19346	1	4	3
19347	5	4	4
19352	5	5	5
19353	1	5	3
19358	3	1	3
19359	4	5	4
19365	1	4	3
19367	1	1	3
19368	5	1	1
19369	5	5	5
19372	4	5	4
19374	3	1	4
19377	1	1	1
19387	4	1	1
19391	5	5	5
19392	5	1	3
19395	5	5	5
19398	5	1	1
19400	5	5	3
19401	4	5	5
19403	3	1	1
19405	5	4	3
19407	4	4	3
19408	5	5	5
19411	4	1	1
19415	5	4	5
19419	4	1	4
19420	5	1	1
19424	4	1	4
19425	1	1	4
19430	1	1	1
19432	4	5	5
19434	1	1	3
19438	5	5	5
19439	3	4	4
19441	3	5	5
19442	4	1	1
19448	5	5	5
19460	3	4	3
19461	4	1	1
19465	1	1	3
19466	5	1	1
19469	5	1	1
19479	4	5	5
19485	4	1	3
19487	5	1	1
19488	5	5	4
19493	1	1	1
19498	1	1	1
19500	5	5	5
19505	5	5	4
19506	3	1	3
19510	3	1	1
19511	4	5	5
19514	3	4	4
19518	1	1	4
19523	3	1	1
19524	3	4	3
19528	1	4	1
19531	3	1	1
19535	1	4	4
19542	3	1	4
19543	5	5	5
19544	5	1	3
19545	4	4	3
19551	1	1	3
19559	1	5	3
19561	5	5	5
19563	3	1	1
19565	4	1	1
19568	1	1	1
19569	1	1	1
19573	3	5	5
19576	1	4	4
19577	3	1	1
19583	3	1	1
19587	1	1	1
19590	5	1	3
19595	5	4	4
19597	5	5	5
19604	1	1	1
19606	5	4	1
19608	3	4	4
19613	5	5	5
19621	4	4	4
19627	5	5	5
19630	3	4	4
19638	4	1	3
19643	1	1	1
19644	3	5	3
19645	5	1	1
19648	5	4	4
19649	5	4	3
19652	4	4	1
19658	5	5	5
19661	1	1	3
19662	4	5	5
19667	5	5	5
19669	5	5	4
19673	3	5	4
19687	1	1	3
19690	5	4	5
19699	5	5	5
19700	1	4	3
19701	4	5	5
19708	4	5	5
19710	1	1	1
19714	3	4	4
19715	3	4	3
19716	4	5	5
19717	3	5	3
19719	5	5	4
19720	3	1	3
19723	5	1	1
19726	4	1	1
19732	5	4	4
19735	1	1	4
19737	5	5	5
19740	5	5	5
19742	3	4	1
19752	3	4	3
19753	5	1	3
19754	5	5	4
19756	4	1	1
19762	1	1	1
19770	5	5	5
19772	3	4	4
19776	5	1	1
19778	5	1	1
19780	4	4	5
19781	5	1	3
19783	3	1	3
19791	3	5	5
19794	1	1	1
19795	1	1	1
19799	1	1	1
19800	4	1	3
19802	5	5	5
19805	1	4	3
19808	5	5	5
19810	1	1	1
19813	5	5	3
19815	3	5	5
19816	4	4	4
19820	3	1	1
19821	5	5	5
19823	5	1	1
19824	5	5	4
19826	3	1	4
19828	3	4	4
19834	4	5	5
19838	4	4	4
19840	5	4	3
19850	4	4	3
19852	1	1	1
19858	5	5	5
19860	3	4	3
19861	5	5	5
19866	1	1	1
19871	4	1	4
19874	4	1	4
19875	5	1	1
19876	1	1	3
19883	3	4	4
19884	3	1	1
19885	1	4	4
19888	1	1	1
19889	5	5	5
19891	3	1	1
19892	5	4	3
19894	1	5	4
19895	3	4	5
19896	4	5	4
19897	4	5	4
19904	5	4	1
19906	4	5	5
19908	1	1	1
19909	5	5	5
19913	1	4	4
19914	4	1	1
19921	3	1	4
19923	4	5	5
19926	4	1	3
19927	1	1	1
19945	3	5	5
19947	4	4	3
19948	4	5	3
19952	5	5	3
19955	4	5	5
19956	1	1	1
19958	1	5	4
19961	5	4	3
19963	3	1	1
19964	1	1	3
19967	4	4	3
19968	3	1	1
19972	1	1	3
19973	3	4	4
19975	5	1	1
19976	1	1	4
19977	5	5	3
19983	4	4	4
19985	5	5	4
19986	4	5	3
19992	3	4	4
19993	4	4	3
19996	5	5	4
19997	1	4	1
19999	5	5	4
20006	3	4	4
20014	1	1	1
20017	5	5	5
20031	4	4	1
20032	1	1	1
20035	4	5	3
20036	3	4	4
20045	3	4	3
20062	5	5	4
20063	4	5	4
20068	3	1	1
20070	3	5	4
20071	1	1	5
20073	5	5	5
20074	1	1	1
20076	4	1	1
20081	3	1	3
20083	1	4	3
20085	3	1	4
20087	4	1	1
20088	4	5	5
20093	1	1	4
20095	1	1	5
20101	5	1	3
20108	1	1	4
20109	4	5	5
20111	5	5	5
20115	5	4	5
20117	4	5	3
20118	3	5	4
20120	5	5	5
20129	5	4	4
20131	4	4	4
20132	4	5	5
20133	1	4	3
20136	1	1	3
20139	5	5	4
20141	1	4	3
20143	3	4	4
20148	4	5	4
20154	1	1	1
20155	1	1	1
20158	4	4	3
20159	5	4	3
20160	4	1	3
20163	5	4	4
20166	5	5	4
20170	3	5	5
20172	5	4	1
20178	4	1	1
20180	4	5	3
20184	3	1	4
20192	5	4	3
20200	1	5	5
20201	5	5	5
20204	3	4	4
20208	3	1	4
20214	5	5	5
20221	3	4	3
20223	3	1	3
20224	3	5	4
20240	1	1	3
20241	4	5	5
20242	5	5	5
20244	4	1	1
20248	5	1	1
20250	5	5	5
20258	4	1	3
20276	5	1	1
20285	1	1	1
20295	1	1	4
20298	5	5	4
20301	5	5	5
20303	3	5	5
20306	4	5	5
20307	5	5	5
20309	3	1	1
20313	3	1	1
20316	5	5	5
20317	5	5	5
20318	4	4	3
20322	1	4	3
20327	1	1	3
20333	1	1	3
20336	1	1	1
20339	4	5	3
20342	4	4	1
20343	5	5	5
20345	4	4	4
20349	1	1	1
20352	4	5	5
20354	3	1	1
20358	5	1	3
20362	4	4	3
20364	4	1	1
20370	4	1	3
20383	5	5	5
20388	5	1	1
20391	3	5	5
20392	3	5	3
20397	3	1	1
20398	5	4	3
20400	5	5	5
20402	4	5	4
20404	5	4	4
20410	4	5	5
20411	5	5	4
20412	5	5	4
20413	1	1	1
20420	5	5	5
20422	5	5	5
20425	4	5	5
20426	3	1	1
20437	3	4	1
20438	5	1	1
20441	4	5	5
20443	1	4	3
20444	5	4	3
20449	1	1	1
20453	3	5	4
20454	5	4	4
20455	4	4	3
20462	4	4	1
20464	1	1	3
20480	1	1	3
20482	1	1	1
20483	4	5	4
20485	4	4	5
20486	3	1	3
20489	5	1	3
20494	1	1	1
20497	4	5	5
20499	5	1	4
20501	4	4	3
20504	3	5	5
20510	5	5	4
20514	4	4	3
20515	3	5	3
20517	4	1	1
20525	4	1	3
20526	3	5	4
20527	4	1	1
20530	4	4	5
20532	5	5	4
20536	5	5	5
20537	5	4	3
20544	1	1	3
20546	3	1	1
20548	1	1	1
20551	5	5	4
20552	3	1	5
20556	1	4	1
20557	3	5	4
20561	4	4	1
20571	3	4	3
20577	5	5	4
20578	4	4	3
20579	4	1	3
20585	5	4	4
20586	1	4	4
20592	4	1	1
20593	3	1	4
20594	4	5	5
20596	3	4	4
20600	5	5	4
20607	5	5	3
20611	1	1	1
20617	4	4	3
20619	1	1	3
20621	5	1	4
20622	3	4	3
20624	1	1	1
20628	5	5	4
20630	1	4	3
20633	5	1	1
20635	4	4	5
20638	1	1	3
20644	4	4	4
20646	3	1	3
20648	5	4	5
20652	5	4	1
20656	5	5	5
20658	1	1	3
20660	5	4	3
20667	1	1	4
20668	4	5	5
20670	3	1	1
20676	1	4	4
20684	4	1	3
20690	4	4	3
20691	5	4	4
20692	4	1	1
20695	4	5	5
20704	5	5	5
20705	4	4	4
20709	5	5	5
20710	1	1	1
20714	4	1	3
20716	5	5	5
20721	5	4	1
20722	3	1	3
20723	4	4	1
20725	5	4	3
20732	5	5	5
20733	5	1	1
20736	3	1	3
20739	3	4	3
20740	3	5	5
20742	1	1	1
20746	5	5	3
20748	5	5	4
20750	3	4	4
20754	5	5	4
20759	3	1	5
20761	3	1	1
20763	5	1	3
20771	3	1	1
20774	5	1	1
20775	5	1	1
20776	5	5	4
20777	1	4	5
20778	3	1	1
20779	3	1	1
20783	4	5	5
20784	4	4	4
20786	5	5	4
20789	5	5	5
20792	3	1	3
20793	4	5	4
20797	5	5	5
20800	1	4	5
20801	3	4	3
20803	5	4	4
20809	4	1	1
20811	3	4	3
20813	1	1	4
20815	5	4	5
20818	1	1	3
20822	3	5	5
20823	1	4	3
20824	4	5	5
20827	1	1	3
20831	4	5	5
20832	5	5	4
20834	4	5	4
20835	4	5	5
20836	1	1	1
20840	1	1	4
20850	3	4	4
20852	1	4	5
20853	1	4	4
20854	5	5	3
20856	5	4	3
20858	4	4	3
20867	4	5	5
20868	5	5	4
20873	5	5	5
20880	4	5	4
20892	5	4	5
20898	4	1	4
20914	4	5	5
20915	1	1	4
20917	4	5	5
20919	1	1	3
20920	4	4	4
20922	5	5	5
20925	3	1	1
20926	3	1	4
20928	5	1	1
20929	3	1	4
20931	4	1	3
20932	1	1	1
20935	5	1	1
20941	5	5	5
20942	4	5	4
20944	4	5	5
20945	3	4	5
20948	1	1	1
20950	3	1	4
20956	3	1	3
20959	5	5	4
20960	4	5	3
20961	4	5	4
20963	4	5	4
20964	5	5	5
20965	3	1	1
20967	3	4	4
20974	5	5	5
20976	5	5	5
20979	4	1	1
20980	5	4	4
20981	5	5	5
20982	4	1	1
20983	3	1	1
20985	5	5	5
20990	4	5	3
20993	4	1	3
20994	3	4	4
20997	4	4	4
20998	1	1	3
21001	3	4	3
21004	3	5	5
21008	3	1	1
21009	1	1	1
21021	3	1	1
21023	3	4	3
21029	5	5	5
21032	3	4	1
21034	5	5	4
21035	3	1	3
21036	4	4	1
21037	1	1	1
21039	3	1	3
21042	3	5	4
21044	4	1	3
21046	4	1	1
21051	5	1	1
21052	3	4	5
21054	4	5	4
21059	5	5	4
21060	4	1	1
21064	1	1	1
21067	4	4	1
21068	5	1	1
21069	5	5	3
21072	4	5	3
21082	3	5	4
21084	3	1	1
21086	4	5	4
21089	5	4	4
21090	3	1	3
21092	4	5	5
21098	5	5	5
21101	1	1	3
21105	3	4	1
21106	3	1	4
21109	5	5	3
21113	1	1	4
21114	3	1	1
21116	1	1	1
21120	5	5	5
21121	5	1	3
21122	5	5	5
21126	4	4	3
21128	1	4	1
21130	1	1	4
21132	5	5	5
21138	1	1	1
21139	1	4	4
21140	1	5	4
21141	3	4	3
21143	3	4	5
21144	3	1	3
21147	5	1	3
21149	1	1	1
21153	5	5	5
21161	4	1	3
21168	1	5	3
21171	1	5	5
21174	5	1	3
21176	5	5	5
21182	5	1	1
21187	1	4	4
21188	4	4	3
21191	4	1	1
21192	4	1	5
21196	4	4	4
21198	1	1	3
21199	5	4	3
21203	5	1	1
21204	5	1	4
21206	5	1	1
21207	4	4	3
21212	3	1	1
21214	5	4	3
21216	5	5	5
21220	5	5	4
21223	5	5	4
21226	3	5	4
21229	5	5	5
21230	3	5	5
21231	5	1	1
21232	4	1	1
21234	5	5	5
21237	5	5	5
21239	5	5	4
21240	4	5	4
21243	1	1	1
21244	3	4	3
21246	4	4	1
21249	5	4	3
21250	5	5	5
21254	5	5	5
21260	1	1	1
21272	5	5	4
21281	5	5	5
21283	3	1	1
21286	3	4	4
21290	1	1	1
21294	3	4	3
21302	1	4	3
21303	4	1	1
21304	4	4	4
21306	1	1	3
21307	1	1	1
21310	1	1	4
21312	4	4	3
21317	4	1	3
21318	5	5	5
21321	5	5	5
21331	1	1	3
21332	5	4	1
21337	4	5	4
21340	1	1	3
21342	4	1	1
21343	3	1	1
21345	5	5	5
21350	1	1	5
21356	4	1	1
21362	4	4	3
21365	5	5	5
21368	5	1	1
21370	1	4	1
21376	1	1	1
21377	5	4	4
21378	5	1	1
21381	3	4	4
21383	1	4	3
21385	3	1	1
21392	1	5	4
21393	5	4	3
21395	3	1	1
21397	4	1	4
21400	5	5	3
21401	5	5	3
21402	4	1	3
21404	1	1	4
21406	1	1	4
21411	3	4	3
21421	5	5	5
21429	5	1	1
21432	5	1	1
21433	3	4	4
21435	4	1	3
21438	1	1	1
21439	5	5	4
21441	5	4	4
21443	4	4	3
21445	3	1	1
21446	5	5	5
21447	5	5	5
21448	3	5	5
21458	3	5	4
21459	5	5	5
21461	5	4	5
21464	1	1	4
21465	1	4	4
21466	4	1	4
21467	4	1	1
21473	3	1	3
21474	4	5	3
21475	5	5	5
21483	5	1	1
21486	1	1	1
21490	5	5	4
21491	1	1	1
21502	5	1	1
21505	5	1	1
21509	5	1	1
21510	5	5	3
21523	3	1	3
21527	3	5	4
21529	4	5	5
21531	3	5	4
21532	5	5	3
21534	5	4	3
21536	4	4	4
21550	4	1	1
21553	4	5	5
21555	3	4	1
21556	3	1	1
21561	1	4	3
21564	1	4	5
21565	5	5	4
21573	5	5	3
21579	4	4	5
21583	4	4	4
21585	5	5	5
21591	3	1	3
21592	4	5	5
21594	1	1	1
21597	5	1	3
21600	4	1	4
21601	1	1	1
21603	4	5	5
21606	4	5	4
21609	1	1	3
21611	3	1	1
21614	1	1	3
21615	1	4	3
21618	3	4	3
21619	5	5	5
21623	5	1	3
21628	4	5	5
21633	3	1	1
21634	5	1	1
21638	3	5	4
21640	3	1	1
21641	4	4	1
21644	4	4	4
21653	5	5	5
21655	1	4	4
21660	3	4	4
21662	3	1	1
21663	4	4	5
21666	4	4	5
21670	1	1	1
21671	5	5	5
21673	5	5	5
21675	4	1	1
21676	3	4	3
21680	5	5	5
21682	3	1	3
21685	4	5	5
21687	4	4	3
21693	4	5	5
21694	5	5	5
21695	4	4	3
21697	1	1	3
21698	3	4	3
21700	4	4	3
21701	4	1	1
21704	4	5	4
21710	5	5	3
21714	4	4	4
21717	5	1	4
21718	4	5	3
21730	5	5	5
21738	3	5	4
21739	5	5	5
21740	1	4	4
21743	1	1	3
21747	5	1	4
21749	5	5	4
21758	3	4	4
21759	4	5	5
21761	4	5	5
21763	1	4	4
21764	4	1	1
21765	4	5	5
21768	5	5	5
21770	5	5	5
21772	4	5	3
21781	4	5	5
21783	1	4	4
21789	5	5	5
21791	1	1	3
21794	1	1	1
21797	4	4	3
21800	3	1	1
21804	5	4	5
21810	5	4	3
21813	1	1	3
21814	3	1	3
21816	5	4	4
21817	3	5	5
21822	4	1	1
21823	1	1	1
21825	5	1	1
21826	3	5	4
21827	4	5	3
21833	4	4	1
21834	3	4	5
21837	5	5	5
21838	5	5	5
21840	3	5	4
21843	5	5	3
21846	4	5	4
21847	5	5	5
21850	1	1	1
21853	3	5	3
21856	4	1	1
21857	5	5	4
21858	5	5	4
21861	4	1	3
21872	4	1	3
21877	3	1	1
21878	5	5	5
21883	3	5	4
21885	4	4	4
21887	4	5	4
21891	4	4	4
21892	5	5	5
21893	5	1	4
21895	1	1	4
21896	1	1	3
21897	1	1	1
21900	5	5	4
21902	3	1	1
21905	4	5	5
21907	3	1	4
21909	4	1	1
21911	3	1	3
21912	4	1	1
21920	1	1	3
21921	5	1	1
21922	5	5	5
21923	3	1	1
21927	4	5	4
21933	1	5	3
21934	5	5	5
21935	3	4	4
21939	3	1	1
21944	5	4	3
21950	5	5	5
21954	4	1	4
21956	3	4	5
21962	5	4	3
21963	4	4	3
21977	1	4	3
21980	1	4	4
21981	4	1	1
21984	1	4	3
21985	3	5	4
21990	3	5	5
21996	1	1	3
22002	1	1	1
22006	1	1	3
22008	3	4	4
22009	4	5	5
22013	5	5	5
22017	5	1	1
22018	4	1	3
22019	5	5	5
22021	1	1	4
22028	4	4	4
22035	4	1	5
22036	5	5	5
22041	1	1	3
22044	1	1	4
22047	3	1	1
22049	3	1	1
22050	1	1	1
22056	1	1	3
22057	4	5	3
22058	1	1	3
22059	5	4	4
22060	5	5	3
22061	5	5	5
22067	1	1	4
22068	5	1	5
22073	3	1	3
22078	1	1	1
22079	3	4	5
22080	1	1	4
22083	1	1	1
22085	5	5	5
22089	3	1	3
22096	4	5	4
22097	1	1	1
22099	1	4	5
22101	1	1	1
22106	4	4	4
22112	4	4	5
22113	3	4	3
22120	5	1	1
22132	1	1	1
22134	4	1	1
22138	3	4	4
22144	3	4	5
22149	5	5	4
22152	3	5	5
22156	1	1	1
22160	3	4	4
22163	4	1	1
22168	5	1	1
22172	4	1	1
22181	3	4	5
22182	4	4	4
22184	1	1	1
22189	5	5	3
22191	3	1	1
22195	1	1	1
22201	1	1	3
22210	3	1	3
22212	1	1	1
22213	3	1	1
22216	1	1	1
22220	5	5	4
22221	1	1	5
22222	5	1	1
22224	1	1	3
22225	4	1	1
22227	5	4	5
22228	4	5	5
22229	5	5	4
22230	4	1	4
22232	4	5	4
22233	1	4	4
22234	1	4	3
22238	5	5	5
22245	4	1	1
22250	4	1	4
22257	4	1	3
22258	5	4	3
22260	1	1	1
22263	3	1	3
22264	5	4	5
22265	4	1	3
22268	5	5	5
22269	3	5	5
22271	4	1	1
22274	4	5	5
22275	3	1	3
22278	4	4	3
22279	4	1	5
22283	4	4	4
22287	4	5	4
22288	4	1	1
22296	3	4	4
22297	5	5	4
22299	5	4	3
22302	4	5	5
22305	5	1	1
22306	5	5	5
22308	4	5	5
22313	4	4	4
22314	4	5	5
22315	3	4	4
22319	5	5	5
22323	1	1	3
22329	3	5	4
22331	1	1	1
22332	5	5	5
22336	1	1	3
22340	1	1	1
22341	3	5	4
22348	5	5	5
22349	5	4	5
22354	4	4	3
22355	5	5	5
22356	4	5	5
22357	4	4	3
22369	5	5	4
22372	5	4	4
22376	4	5	4
22383	5	1	3
22384	4	5	3
22386	1	4	4
22393	5	5	4
22394	5	1	1
22395	4	5	5
22396	1	1	1
22397	4	1	1
22407	5	5	3
22408	3	5	3
22411	3	1	3
22412	1	4	4
22413	3	4	4
22419	1	1	3
22420	3	5	3
22421	3	4	3
22422	3	1	3
22425	3	1	1
22427	5	5	5
22432	3	4	3
22434	1	1	1
22435	4	5	5
22436	5	4	5
22437	5	1	1
22443	5	4	4
22444	4	5	5
22448	5	5	5
22451	5	5	5
22455	4	1	1
22461	5	5	5
22463	1	4	4
22466	3	1	1
22467	4	5	4
22470	3	4	4
22471	1	1	3
22472	1	1	4
22473	5	5	4
22477	5	1	3
22479	4	1	3
22482	5	4	3
22486	1	1	3
22487	3	4	5
22489	1	1	3
22492	4	5	5
22493	5	4	3
22494	1	1	1
22495	3	5	4
22504	1	4	1
22506	4	5	5
22508	5	4	4
22512	3	1	3
22513	4	1	4
22516	4	1	1
22519	1	1	3
22524	5	5	4
22530	1	1	1
22532	1	4	3
22535	3	1	3
22540	1	1	1
22541	4	1	4
22547	4	4	3
22549	5	5	5
22550	4	4	4
22558	5	5	5
22563	4	5	4
22568	4	5	5
22573	1	1	3
22575	3	5	4
22578	5	5	4
22581	3	1	5
22586	5	5	5
22590	5	5	5
22592	1	1	1
22594	4	5	5
22596	5	5	5
22607	3	5	5
22610	3	1	1
22613	5	5	5
22616	3	5	4
22621	5	4	1
22622	1	4	4
22624	4	5	5
22629	4	5	3
22634	5	4	4
22637	4	5	5
22641	5	4	4
22645	4	5	3
22649	5	5	5
22650	1	1	3
22652	4	4	4
22653	5	1	4
22655	1	1	1
22656	3	4	4
22659	4	1	1
22664	5	5	5
22665	4	5	5
22666	5	4	5
22670	5	4	5
22675	5	1	1
22676	4	5	5
22680	4	4	3
22685	4	5	5
22686	1	1	4
22691	1	1	1
22694	1	4	1
22699	5	5	4
22706	1	1	1
22707	5	5	5
22708	4	1	3
22709	4	1	4
22710	5	4	3
22711	3	1	3
22712	3	1	1
22713	1	1	4
22714	4	1	1
22717	3	4	5
22720	4	5	5
22722	3	5	5
22724	3	5	5
22725	4	1	1
22727	3	4	5
22735	3	1	3
22736	3	1	1
22737	4	4	4
22739	3	1	1
22741	3	4	5
22744	3	1	3
22748	5	5	5
22749	5	5	5
22752	3	5	5
22753	5	5	5
22754	5	5	5
22755	4	5	5
22756	4	1	3
22765	5	5	3
22767	5	4	4
22774	4	5	3
22775	3	5	4
22778	1	1	3
22779	4	1	3
22780	4	1	1
22782	4	1	1
22783	1	1	4
22784	1	4	3
22791	5	5	4
22794	5	5	5
22795	4	1	3
22796	5	5	4
22802	5	5	5
22805	5	1	3
22815	5	5	5
22819	3	1	4
22824	5	5	5
22825	5	5	5
22826	3	1	4
22827	3	4	4
22829	5	4	3
22833	4	5	4
22836	1	1	3
22841	5	5	5
22842	1	1	1
22847	3	1	1
22851	1	1	3
22855	5	5	5
22856	3	1	1
22857	5	4	3
22861	5	5	5
22868	5	5	4
22872	5	1	4
22879	5	5	5
22881	1	1	1
22882	4	1	3
22883	5	5	5
22885	4	4	3
22889	4	5	4
22893	5	5	5
22897	1	1	1
22898	3	1	1
22902	1	1	3
22905	4	1	3
22910	5	5	3
22914	1	1	4
22915	3	5	4
22917	3	1	4
22918	4	5	5
22924	5	5	5
22925	1	1	1
22927	3	1	1
22930	4	4	5
22937	4	5	5
22938	3	5	3
22939	4	5	5
22941	5	5	4
22944	5	4	3
22948	4	5	5
22949	5	4	5
22951	4	5	4
22960	3	1	3
22963	5	4	3
22964	4	4	4
22965	4	4	4
22969	3	4	3
22973	4	5	5
22975	5	5	5
22984	4	1	1
22987	5	4	1
22997	1	1	3
22998	3	4	3
23000	3	4	5
23013	5	1	1
23019	4	1	1
23020	3	1	4
23023	1	1	5
23025	4	4	1
23029	3	1	3
23030	3	4	4
23031	5	5	4
23035	4	5	3
23040	4	5	5
23041	5	5	5
23042	4	5	5
23043	4	4	3
23045	1	4	1
23047	1	1	1
23049	1	1	3
23053	3	5	5
23056	1	1	1
23058	5	5	4
23060	5	5	5
23063	4	5	4
23066	1	1	1
23071	4	5	5
23072	1	1	1
23073	4	4	3
23074	5	5	5
23075	5	5	5
23076	3	4	5
23077	5	5	4
23085	1	4	1
23086	4	4	4
23088	4	5	4
23090	3	5	4
23096	4	4	5
23105	5	5	5
23109	3	5	5
23111	5	4	3
23112	4	5	3
23114	3	5	5
23121	5	5	4
23124	5	5	5
23125	5	4	1
23127	3	1	3
23128	3	1	1
23130	3	1	1
23131	1	1	3
23132	1	4	3
23136	4	1	3
23138	5	1	3
23142	1	1	4
23147	5	5	5
23149	5	5	5
23151	3	4	3
23152	4	4	4
23161	1	1	3
23162	5	5	5
23163	1	5	4
23164	3	1	1
23168	3	1	1
23172	1	1	3
23174	1	1	3
23177	4	1	4
23183	4	4	3
23184	1	1	3
23185	4	1	3
23186	5	5	4
23189	1	1	1
23191	4	5	5
23192	3	4	3
23196	3	4	4
23198	5	1	1
23199	1	4	3
23203	3	1	3
23204	5	5	4
23207	4	5	5
23216	5	1	3
23220	4	1	1
23225	1	4	1
23227	4	1	4
23228	3	1	3
23231	5	1	1
23236	3	5	4
23242	1	1	1
23245	5	4	3
23254	4	5	5
23256	5	5	5
23257	4	5	4
23258	3	1	5
23259	4	1	1
23262	1	1	3
23264	4	1	1
23267	1	1	1
23271	5	1	3
23272	4	4	3
23274	5	1	1
23275	5	4	3
23285	5	5	5
23286	5	5	5
23287	1	1	3
23288	3	1	1
23289	1	5	4
23291	3	1	3
23294	1	4	4
23296	4	5	4
23302	1	4	5
23305	4	1	3
23307	3	5	5
23308	3	1	3
23313	4	5	5
23315	3	4	3
23333	3	1	1
23334	3	4	3
23338	5	5	5
23340	5	5	5
23341	3	1	1
23347	4	5	4
23350	5	5	5
23356	3	4	4
23357	4	5	3
23361	3	4	4
23362	5	5	5
23368	4	4	3
23369	5	5	5
23370	3	5	5
23372	4	1	1
23373	5	5	4
23380	5	5	5
23385	4	1	4
23387	1	1	3
23388	1	5	5
23390	3	1	3
23394	5	5	4
23399	4	5	5
23400	3	4	4
23402	5	1	3
23413	4	5	4
23414	3	4	3
23417	4	4	5
23419	5	5	5
23421	1	1	1
23423	1	4	5
23425	5	1	1
23434	4	4	4
23436	3	5	5
23439	4	5	5
23443	5	5	5
23444	5	5	5
23451	5	1	1
23454	5	5	5
23456	3	4	3
23463	3	4	3
23465	4	4	4
23466	5	5	3
23469	4	4	3
23476	3	1	4
23477	4	5	4
23478	5	4	3
23485	5	1	1
23487	4	5	5
23488	3	1	4
23489	5	5	4
23490	4	4	5
23496	4	5	4
23498	5	5	5
23499	4	1	1
23500	3	5	3
23503	4	1	1
23507	3	4	4
23513	5	5	5
23517	4	5	4
23523	3	1	1
23529	4	5	4
23531	1	1	3
23532	1	4	4
23534	4	5	5
23537	4	4	3
23540	3	1	3
23544	3	1	3
23551	1	4	1
23554	3	1	1
23555	5	5	5
23556	5	5	4
23558	3	1	3
23561	5	4	3
23563	1	1	3
23564	1	1	3
